% # columns="iteration, evaluation, min max(neg(.)) min(pos(.)) max correlation, correlation matrix principal axes lengths  (sorted square roots of eigenvalues of correlation matrix)", seed=333, Tue Dec 16 00:15:14 2025
1 10 -0.11545109999205781 -0.040192288911186445 0.012345040375769164 0.08588746151898469 0.9006361711153505 0.9549161832697104 0.9939627800695334 1.0012958596888535 1.0271967204181391 1.109640059197987
2 20 -0.089688752663364 -0.03446800227885454 0.02714895520247488 0.06594166255118136 0.9006361711153505 0.9549161832697104 0.9939627800695334 1.0012958596888535 1.0271967204181391 1.109640059197987
3 30 -0.1434769400639002 -0.07465895488844353 0.05503391290285231 0.2361388098833392 0.9006361711153505 0.9549161832697104 0.9939627800695334 1.0012958596888535 1.0271967204181391 1.109640059197987
4 40 -0.16840871467646648 -0.1088317629045891 0.10359884058932017 0.15603117728456956 0.9006361711153505 0.9549161832697104 0.9939627800695334 1.0012958596888535 1.0271967204181391 1.109640059197987
5 50 -0.27253699532704945 -0.09691751070913221 0.14890861562197383 0.1892556439519177 0.9006361711153505 0.9549161832697104 0.9939627800695334 1.0012958596888535 1.0271967204181391 1.109640059197987
6 60 -0.27726516835884374 -0.13651392460245768 0.11828972356263204 0.3199985834971414 0.9006361711153505 0.9549161832697104 0.9939627800695334 1.0012958596888535 1.0271967204181391 1.109640059197987
7 70 -0.2720317640401644 -0.14579151096309453 0.1770925739694921 0.3356448481603319 0.7711306930136446 0.8584218970539867 0.8789066791812705 0.9833956876634922 1.063582274043038 1.3407900723332382
8 80 -0.3662449364907697 -0.08966356155092617 0.15753640104840452 0.35785243365686986 0.7711306930136446 0.8584218970539867 0.8789066791812705 0.9833956876634922 1.063582274043038 1.3407900723332382
9 90 -0.38912996485966095 -0.0981108684112354 0.15910506750147102 0.4183997471476972 0.7711306930136446 0.8584218970539867 0.8789066791812705 0.9833956876634922 1.063582274043038 1.3407900723332382
10 100 -0.40576020319700207 -0.1195235176958487 0.18707898394763378 0.49559857334229085 0.7711306930136446 0.8584218970539867 0.8789066791812705 0.9833956876634922 1.063582274043038 1.3407900723332382
11 110 -0.5051638675188741 -0.21283621504094527 0.19029018761597877 0.46608624854027986 0.7711306930136446 0.8584218970539867 0.8789066791812705 0.9833956876634922 1.063582274043038 1.3407900723332382
12 120 -0.5055206197758212 -0.18492000786942087 0.2854904854627028 0.37445640093800037 0.7711306930136446 0.8584218970539867 0.8789066791812705 0.9833956876634922 1.063582274043038 1.3407900723332382
13 130 -0.5761385989661669 -0.25393159285599237 0.27733586965512064 0.4829921072978476 0.5380787917789677 0.613679401207349 0.8208390536683274 1.0036381691332885 1.1017399051214074 1.5617207372850672
14 140 -0.6189243392876083 -0.2773005684298287 0.25752864931893255 0.5983264957849441 0.5380787917789677 0.613679401207349 0.8208390536683274 1.0036381691332885 1.1017399051214074 1.5617207372850672
15 150 -0.605999969792186 -0.26593319998276743 0.22385277970987263 0.6599111902821023 0.5380787917789677 0.613679401207349 0.8208390536683274 1.0036381691332885 1.1017399051214074 1.5617207372850672
16 160 -0.6457537781510858 -0.26789296429441833 0.24601883978732741 0.7254248648089716 0.5380787917789677 0.613679401207349 0.8208390536683274 1.0036381691332885 1.1017399051214074 1.5617207372850672
17 170 -0.704439789144279 -0.214101078305318 0.22359328790335592 0.7318751127575978 0.5380787917789677 0.613679401207349 0.8208390536683274 1.0036381691332885 1.1017399051214074 1.5617207372850672
18 180 -0.7655517034694381 -0.26827218482324877 0.23593049507192335 0.7361931406434296 0.5380787917789677 0.613679401207349 0.8208390536683274 1.0036381691332885 1.1017399051214074 1.5617207372850672
19 190 -0.7940733331083867 -0.21158461022069674 0.23689651399177003 0.7994687820158776 0.3533403413523547 0.44341540584366146 0.7231659058539419 0.9649511270328841 1.0697381710071256 1.7550196641554323
20 200 -0.7497300876752067 -0.35635905393352874 0.20305774376434735 0.792615971293037 0.3533403413523547 0.44341540584366146 0.7231659058539419 0.9649511270328841 1.0697381710071256 1.7550196641554323
21 210 -0.7806271208360429 -0.3573295751067405 0.15307948901886248 0.8129708855771877 0.3533403413523547 0.44341540584366146 0.7231659058539419 0.9649511270328841 1.0697381710071256 1.7550196641554323
22 220 -0.8095101300498452 -0.3616887187361315 0.2019004301403963 0.8162336905677798 0.3533403413523547 0.44341540584366146 0.7231659058539419 0.9649511270328841 1.0697381710071256 1.7550196641554323
23 230 -0.8269373544310444 -0.3591319828604901 0.2693292794236 0.8246489733994614 0.3533403413523547 0.44341540584366146 0.7231659058539419 0.9649511270328841 1.0697381710071256 1.7550196641554323
24 240 -0.8513883745039609 -0.30268033095848007 0.22631157465042093 0.8398045824601912 0.3533403413523547 0.44341540584366146 0.7231659058539419 0.9649511270328841 1.0697381710071256 1.7550196641554323
25 250 -0.8832608393566918 -0.30315215875953777 0.2600065007787789 0.8594586106708582 0.28117727453188485 0.32320901499254373 0.6767928460522088 0.9221922659047627 1.1177886575718787 1.805141727997007
26 260 -0.8859882033384749 -0.35669684034956883 0.2855190708254759 0.8632182740126697 0.28117727453188485 0.32320901499254373 0.6767928460522088 0.9221922659047627 1.1177886575718787 1.805141727997007
27 270 -0.9005695445707929 -0.3705887788756064 0.28675620694920867 0.8594112039155947 0.28117727453188485 0.32320901499254373 0.6767928460522088 0.9221922659047627 1.1177886575718787 1.805141727997007
28 280 -0.9029961111741795 -0.3806470549598545 0.2792642101169528 0.8554619254946818 0.28117727453188485 0.32320901499254373 0.6767928460522088 0.9221922659047627 1.1177886575718787 1.805141727997007
29 290 -0.8962064510539314 -0.4098261579209939 0.2793977267971699 0.843086949398103 0.28117727453188485 0.32320901499254373 0.6767928460522088 0.9221922659047627 1.1177886575718787 1.805141727997007
30 300 -0.8923547766499815 -0.41643609707305407 0.3078957883734407 0.843365691261854 0.28117727453188485 0.32320901499254373 0.6767928460522088 0.9221922659047627 1.1177886575718787 1.805141727997007
31 310 -0.8937602003504995 -0.4304046615654161 0.34637215386868764 0.8491748449108277 0.24872248056962035 0.26948955385927004 0.7597529731486404 0.9137435252507993 1.086567195986982 1.8090694918877652
32 320 -0.9087525740391081 -0.4204488446809646 0.3476200925509862 0.854864241327482 0.24872248056962035 0.26948955385927004 0.7597529731486404 0.9137435252507993 1.086567195986982 1.8090694918877652
33 330 -0.9093527129524593 -0.4301631713395835 0.30661400142028816 0.8594311568139011 0.24872248056962035 0.26948955385927004 0.7597529731486404 0.9137435252507993 1.086567195986982 1.8090694918877652
34 340 -0.9233522362375262 -0.45358224332995184 0.29756162251196183 0.8600382962456982 0.24872248056962035 0.26948955385927004 0.7597529731486404 0.9137435252507993 1.086567195986982 1.8090694918877652
35 350 -0.9136898776909304 -0.4706202413103602 0.2471514414831831 0.8682394116684048 0.24872248056962035 0.26948955385927004 0.7597529731486404 0.9137435252507993 1.086567195986982 1.8090694918877652
36 360 -0.9270049209970538 -0.4181175621553456 0.21162114894724043 0.8325048300973219 0.24872248056962035 0.26948955385927004 0.7597529731486404 0.9137435252507993 1.086567195986982 1.8090694918877652
37 370 -0.9252480076047523 -0.3444570642643827 0.19366293013808927 0.828407888950465 0.19573149411300403 0.230348442588583 0.8156788532591839 0.966691675533262 1.1707851294052143 1.7140788111324987
38 380 -0.928050851967884 -0.32684145233231965 0.17494355812155588 0.8269084885124823 0.19573149411300403 0.230348442588583 0.8156788532591839 0.966691675533262 1.1707851294052143 1.7140788111324987
39 390 -0.9373232599903081 -0.24678947271470852 0.18228373513854734 0.7987888590275246 0.19573149411300403 0.230348442588583 0.8156788532591839 0.966691675533262 1.1707851294052143 1.7140788111324987
40 400 -0.9257702559037586 -0.26624541717841527 0.15753532770354384 0.8000745878620438 0.19573149411300403 0.230348442588583 0.8156788532591839 0.966691675533262 1.1707851294052143 1.7140788111324987
41 410 -0.926624125022801 -0.16515934885693168 0.20597820654207652 0.78177361595311 0.19573149411300403 0.230348442588583 0.8156788532591839 0.966691675533262 1.1707851294052143 1.7140788111324987
42 420 -0.9314665141012295 -0.19187523666064693 0.1499832552292766 0.7528510440792624 0.19573149411300403 0.230348442588583 0.8156788532591839 0.966691675533262 1.1707851294052143 1.7140788111324987
43 430 -0.9356876086812379 -0.2228177049021079 0.11728532372626968 0.7336315510785819 0.18120407219436577 0.2189074736872831 0.8853765537363466 1.0978015008318631 1.2007247742371083 1.5774805360392046
44 440 -0.9337707869752706 -0.21595593022497087 0.11740543099979678 0.7403890889239756 0.18120407219436577 0.2189074736872831 0.8853765537363466 1.0978015008318631 1.2007247742371083 1.5774805360392046
45 450 -0.9417411010332046 -0.24379645371887565 0.17495556248584088 0.7405605940962051 0.18120407219436577 0.2189074736872831 0.8853765537363466 1.0978015008318631 1.2007247742371083 1.5774805360392046
46 460 -0.9456422394390489 -0.2842038686196469 0.23744781355934882 0.7436885135373251 0.18120407219436577 0.2189074736872831 0.8853765537363466 1.0978015008318631 1.2007247742371083 1.5774805360392046
47 470 -0.9302901638999383 -0.23746727136864698 0.18844150727829523 0.7549745910774074 0.18120407219436577 0.2189074736872831 0.8853765537363466 1.0978015008318631 1.2007247742371083 1.5774805360392046
48 480 -0.939577652383932 -0.21800457667502895 0.136596584811992 0.7406469828743322 0.18120407219436577 0.2189074736872831 0.8853765537363466 1.0978015008318631 1.2007247742371083 1.5774805360392046
49 490 -0.9375231568640625 -0.24643864345066185 0.14862559021609542 0.7161023935789593 0.1748452011609597 0.19857394377856205 0.8693788123389686 1.0886927932916663 1.327827624416716 1.4919114674838942
50 500 -0.9298206918104721 -0.24649196183140043 0.14700181184609087 0.6998683677003451 0.1748452011609597 0.19857394377856205 0.8693788123389686 1.0886927932916663 1.327827624416716 1.4919114674838942
51 510 -0.9322443277695505 -0.2529155398169299 0.15262922765023074 0.6820552267515906 0.1748452011609597 0.19857394377856205 0.8693788123389686 1.0886927932916663 1.327827624416716 1.4919114674838942
52 520 -0.9428983153041598 -0.28795112430135683 0.14691256295049265 0.666344035821979 0.1748452011609597 0.19857394377856205 0.8693788123389686 1.0886927932916663 1.327827624416716 1.4919114674838942
53 530 -0.949062168142676 -0.2956340392166584 0.16293533622026163 0.6396711796108896 0.1748452011609597 0.19857394377856205 0.8693788123389686 1.0886927932916663 1.327827624416716 1.4919114674838942
54 540 -0.9496599902083637 -0.2508934369385981 0.1476597707664456 0.6199620171022938 0.1748452011609597 0.19857394377856205 0.8693788123389686 1.0886927932916663 1.327827624416716 1.4919114674838942
55 550 -0.9562622373620011 -0.3052900784187154 0.13724508924172693 0.5886901996988569 0.1594124670547894 0.16638092409904112 0.8061811802260688 1.2351352603503107 1.2827070673886394 1.4581085096807314
56 560 -0.9589641124135561 -0.30256356247247634 0.11617958561377048 0.5616882599998897 0.1594124670547894 0.16638092409904112 0.8061811802260688 1.2351352603503107 1.2827070673886394 1.4581085096807314
57 570 -0.9617518791897611 -0.29749969988532754 0.11690952219878353 0.554127553326585 0.1594124670547894 0.16638092409904112 0.8061811802260688 1.2351352603503107 1.2827070673886394 1.4581085096807314
58 580 -0.9544584294359874 -0.27247106313395864 0.09059636797149276 0.5208938143128327 0.1594124670547894 0.16638092409904112 0.8061811802260688 1.2351352603503107 1.2827070673886394 1.4581085096807314
59 590 -0.9610187593683663 -0.28818751951154353 0.10281752419818904 0.5129402942428647 0.1594124670547894 0.16638092409904112 0.8061811802260688 1.2351352603503107 1.2827070673886394 1.4581085096807314
60 600 -0.9586646705580341 -0.3193910971947611 0.13170642279286515 0.5327518243216629 0.1594124670547894 0.16638092409904112 0.8061811802260688 1.2351352603503107 1.2827070673886394 1.4581085096807314
61 610 -0.9602813257695594 -0.3292254015201951 0.1167824642136916 0.5183094273960047 0.1348529587490693 0.1678084425380163 0.757645858469429 1.2706698938074064 1.310676336228381 1.4307876578640628
62 620 -0.9576543338101231 -0.29116460801335414 0.1223449193058273 0.5732697581029613 0.1348529587490693 0.1678084425380163 0.757645858469429 1.2706698938074064 1.310676336228381 1.4307876578640628
63 630 -0.9609835953972575 -0.274434799638222 0.13003690392701497 0.5415762011168271 0.1348529587490693 0.1678084425380163 0.757645858469429 1.2706698938074064 1.310676336228381 1.4307876578640628
64 640 -0.9545313362418612 -0.28141523202227364 0.15875687289436977 0.5207868721615962 0.1348529587490693 0.1678084425380163 0.757645858469429 1.2706698938074064 1.310676336228381 1.4307876578640628
65 650 -0.9533694381797023 -0.30688273478007067 0.14967222589641008 0.520490811720244 0.1348529587490693 0.1678084425380163 0.757645858469429 1.2706698938074064 1.310676336228381 1.4307876578640628
66 660 -0.958245964606267 -0.3094554727418268 0.14369050398264108 0.5134005597686395 0.1348529587490693 0.1678084425380163 0.757645858469429 1.2706698938074064 1.310676336228381 1.4307876578640628
67 670 -0.9652937908610412 -0.3399215162977482 0.16934538001193178 0.5066807234996538 0.1332406001796304 0.14329049104313088 0.7214977332978587 1.2449161277174288 1.275856993366203 1.5045027636777675
68 680 -0.9612525874414299 -0.35040710507147294 0.1405246477890517 0.5069379882548117 0.1332406001796304 0.14329049104313088 0.7214977332978587 1.2449161277174288 1.275856993366203 1.5045027636777675
69 690 -0.9605711883543663 -0.28235956742821877 0.12285569439311571 0.5044157844847891 0.1332406001796304 0.14329049104313088 0.7214977332978587 1.2449161277174288 1.275856993366203 1.5045027636777675
70 700 -0.9576470118924943 -0.3258187565293884 0.15234793090303456 0.4573002443978474 0.1332406001796304 0.14329049104313088 0.7214977332978587 1.2449161277174288 1.275856993366203 1.5045027636777675
71 710 -0.9574964768954213 -0.28721149694815507 0.14546323611104542 0.485806356865334 0.1332406001796304 0.14329049104313088 0.7214977332978587 1.2449161277174288 1.275856993366203 1.5045027636777675
72 720 -0.9571872640606468 -0.2975107430286775 0.20115726298704806 0.43715667460870317 0.1332406001796304 0.14329049104313088 0.7214977332978587 1.2449161277174288 1.275856993366203 1.5045027636777675
73 730 -0.9595252884435053 -0.3310179301267298 0.22453600111617456 0.36014677206768164 0.1242227046646901 0.15524973011372897 0.829748499639254 1.128995184584006 1.2624189601262417 1.5503715395322875
74 740 -0.9621892402356037 -0.2980981639585385 0.2408793061304944 0.37604719420478117 0.1242227046646901 0.15524973011372897 0.829748499639254 1.128995184584006 1.2624189601262417 1.5503715395322875
75 750 -0.9636509885486217 -0.2764762613625698 0.2717390258440821 0.42729674791073213 0.1242227046646901 0.15524973011372897 0.829748499639254 1.128995184584006 1.2624189601262417 1.5503715395322875
76 760 -0.9576632973393879 -0.27145626383906213 0.2791798124643857 0.3872519825523524 0.1242227046646901 0.15524973011372897 0.829748499639254 1.128995184584006 1.2624189601262417 1.5503715395322875
77 770 -0.9570988567250572 -0.31994909989338105 0.26463777059142607 0.43119442274459036 0.1242227046646901 0.15524973011372897 0.829748499639254 1.128995184584006 1.2624189601262417 1.5503715395322875
78 780 -0.9532025455166276 -0.38194141998245085 0.2728586674840807 0.445460665029842 0.1242227046646901 0.15524973011372897 0.829748499639254 1.128995184584006 1.2624189601262417 1.5503715395322875
79 790 -0.9567783023700586 -0.3670701567308075 0.24592559366774974 0.40825682894673987 0.0944072096397983 0.14162303483075409 0.7817977781188566 1.081584784845797 1.262210338396954 1.6114657438914708
80 800 -0.9539254750278772 -0.24631380465935232 0.29692758718010004 0.38818473122657615 0.0944072096397983 0.14162303483075409 0.7817977781188566 1.081584784845797 1.262210338396954 1.6114657438914708
80 800 -0.9539254750278772 -0.24631380465935232 0.29692758718010004 0.38818473122657615 0.0944072096397983 0.14162303483075409 0.7817977781188566 1.081584784845797 1.262210338396954 1.6114657438914708
