% # columns="iteration, evaluation, sigma, max axis length,  min axis length, all principal axes lengths  (sorted square roots of eigenvalues of C)", seed=333, Tue Dec 16 00:15:14 2025
1 10 0.9238246404854242 1.0000416675347343 1.0 1.0 1.0000083333680556 1.0000166668055563 1.0000250003125026 1.0000333338888951 1.0000416675347343
2 20 0.7672313178324026 1.0787276883635972 0.8678946037182115 0.8678946037182115 0.9181158251608987 0.9902661922102489 1.007638001231951 1.019803521602366 1.0787276883635972
3 30 0.787440921395687 1.0430704630234593 0.840652232570709 0.840652232570709 0.8863414636864483 0.9228077406850109 0.9787486120005378 1.0340625283577223 1.0430704630234593
4 40 0.7729315321643125 1.2154435087299806 0.8119151942057726 0.8119151942057726 0.8461732550066464 0.8712404799875177 0.9403889046410815 1.0164235084360744 1.2154435087299806
5 50 0.7868436307536734 1.2081027562636608 0.7564885619736906 0.7564885619736906 0.8053181137330128 0.8404059920508802 0.9796016323733356 1.091318523971812 1.2081027562636608
6 60 0.7116963247447456 1.2698549274626068 0.6831214253568582 0.6831214253568582 0.7812527885526394 0.8208704601922311 0.9669948192865131 1.0915455451906422 1.2698549274626068
7 70 0.6384181924491875 1.297561578550683 0.6765799226700147 0.6765799226700147 0.7296537500455449 0.7986412920788198 0.9651816608259701 1.0565518865987127 1.297561578550683
8 80 0.5226329738715051 1.263568592248743 0.6650078590727613 0.6650078590727613 0.7068054806810038 0.7274283200294847 0.9526422988701652 1.0392281347137504 1.263568592248743
9 90 0.4726167716824894 1.2610546080294833 0.609594820276817 0.609594820276817 0.672464355451427 0.7162588486507467 0.9279666311384807 1.0355042308668554 1.2610546080294833
10 100 0.45133642872438806 1.2670589801328689 0.5743240998731586 0.5743240998731586 0.6000444182290007 0.7315099800050789 0.9317738564428559 1.0673243062776032 1.2670589801328689
11 110 0.41636350931311666 1.3274444786611423 0.5417691680984434 0.5417691680984434 0.5582389666873522 0.7046435780492492 0.9542855909626256 1.0781312313110556 1.3274444786611423
12 120 0.38347171268050956 1.3416642793249565 0.452644742700021 0.452644742700021 0.5716019927635386 0.733988120461653 0.9404921645557472 1.080495018231038 1.3416642793249565
13 130 0.38556571563615505 1.3740792066810903 0.44012877847638376 0.44012877847638376 0.5631342751431581 0.6992648987363406 0.882069465917484 1.068264108212386 1.3740792066810903
14 140 0.38027921683824567 1.4920602689364335 0.3883788550438337 0.3883788550438337 0.5216675035398259 0.6919115801424189 0.9060599450204578 1.0615968397885558 1.4920602689364335
15 150 0.40278727747586135 1.5399893931669604 0.3865029875657421 0.3865029875657421 0.45547742336813507 0.6802242603269192 0.9105443713854875 1.0041558145325997 1.5399893931669604
16 160 0.4412778045428938 1.585874161031552 0.37827968337218987 0.37827968337218987 0.4340148571843589 0.6679091453553605 0.8847820639096907 0.9947134682113892 1.585874161031552
17 170 0.4118974157120405 1.7348556858554962 0.3672615614850435 0.3672615614850435 0.40483700437534226 0.6365720684324637 0.8975170085435578 0.9837734089798426 1.7348556858554962
18 180 0.3638466403231065 1.7330269190791008 0.35972853960186574 0.35972853960186574 0.3808913121958339 0.6203699829420617 0.8630645487817008 0.9642716540210646 1.7330269190791008
19 190 0.3876057409757722 1.7136725116577527 0.3290130971241555 0.3290130971241555 0.3699382686545283 0.5965138044131334 0.8249977967866576 0.9620336956412153 1.7136725116577527
20 200 0.4310830017577044 1.8317219079396894 0.3278154500526778 0.3278154500526778 0.3379410261094616 0.6084705327976073 0.7760604540013925 0.9789376397738105 1.8317219079396894
21 210 0.4399444036608931 1.7185110037764484 0.32554527957382645 0.32554527957382645 0.33029702633658165 0.6462446141223677 0.7717269526652863 1.0182040354299773 1.7185110037764484
22 220 0.40136291321758066 1.749409829133589 0.2993528105583644 0.2993528105583644 0.32381590547233563 0.6306905771469252 0.7869839382679824 1.0315454010796687 1.749409829133589
23 230 0.3711902237713046 1.7103803766828518 0.2953070041196664 0.2953070041196664 0.30312052115131494 0.6092138526429407 0.7621132710189311 1.0729770977663367 1.7103803766828518
24 240 0.36038575580212723 1.7461057118230927 0.2765445035458245 0.2765445035458245 0.2903388838093422 0.5678081520720313 0.7502850990924141 1.078276950108828 1.7461057118230927
25 250 0.3309553160829391 1.80027551004957 0.25973488927145244 0.25973488927145244 0.27093922485589944 0.5707306226990958 0.7450191008193717 1.0618168494269218 1.80027551004957
26 260 0.29974033257113886 1.8800234726522627 0.23101160209317703 0.23101160209317703 0.26429286757086007 0.5381125651965691 0.7429218546060784 1.0744299742314416 1.8800234726522627
27 270 0.2646317008267231 1.8770680899599492 0.21867970269752926 0.21867970269752926 0.2504421020066319 0.5254987370937679 0.7174563187162301 1.0414811625643776 1.8770680899599492
28 280 0.23520117645672464 1.8174755766305142 0.20635451081028092 0.20635451081028092 0.24214432582908535 0.5172475695055533 0.6986090992839352 1.0366925188520646 1.8174755766305142
29 290 0.2310699505362693 1.7351764143836677 0.18983927252077454 0.18983927252077454 0.23189671368589732 0.5273484553269555 0.7111266551261616 1.0215546375845914 1.7351764143836677
30 300 0.20695888162361945 1.6632292273585807 0.1836967518905284 0.1836967518905284 0.22165417769555876 0.5463428591982548 0.6851439641216839 0.9915465034496148 1.6632292273585807
31 310 0.19057641661391062 1.6302555757528987 0.176205663918136 0.176205663918136 0.20642129979764753 0.5344255179673341 0.686978830713953 0.9686456347689523 1.6302555757528987
32 320 0.1759834160051744 1.589382578008558 0.15236307386640685 0.15236307386640685 0.20534995049472013 0.5308089663540526 0.7440771768781597 0.9413182528064856 1.589382578008558
33 330 0.1571259778437583 1.5522311303228358 0.13882373404653958 0.13882373404653958 0.20190884354414032 0.5173709383396197 0.7467284927581722 0.9350243638867577 1.5522311303228358
34 340 0.14135447969123002 1.5207963104615816 0.13813489036549445 0.13813489036549445 0.1788902628405033 0.5029001728761431 0.7681734695972312 0.9401919459511715 1.5207963104615816
35 350 0.14290781915572787 1.4955982948837996 0.12853226963185796 0.12853226963185796 0.1689863541334553 0.48429812892601365 0.7820676627292411 0.9394128208172455 1.4955982948837996
36 360 0.15410592290506092 1.509858267943904 0.12807557165549038 0.12807557165549038 0.16493231040531575 0.46239367692522837 0.794894399448705 0.9253546114580385 1.509858267943904
37 370 0.15656806748271723 1.4705167951600875 0.1206301047178902 0.1206301047178902 0.16647939273658663 0.491504654733235 0.8175440899778108 0.8710808806696665 1.4705167951600875
38 380 0.14903910519285904 1.4177245630949433 0.11545666590090853 0.11545666590090853 0.15213980018328882 0.4838906556892206 0.8562001559104242 0.8753417844760725 1.4177245630949433
39 390 0.1445962413807936 1.3864799922280346 0.11639766405661965 0.11639766405661965 0.13613593140641278 0.47550604106680094 0.8435934234788734 0.876776123130291 1.3864799922280346
40 400 0.12968204078952025 1.3163618473080831 0.11005551464028868 0.11005551464028868 0.129225830107232 0.4942096446447261 0.8418719627189452 0.8636540316348685 1.3163618473080831
41 410 0.1228708886919809 1.2810046017127794 0.10767789765241599 0.10767789765241599 0.12681600299990917 0.5126277515462684 0.8130890632744778 0.8169527980948157 1.2810046017127794
42 420 0.12005588363277359 1.20047141466615 0.10024045934638788 0.10024045934638788 0.12739792652166887 0.49871522582206224 0.8023680588840273 0.8650462045048036 1.20047141466615
43 430 0.1120712636087814 1.1745891229298124 0.09501501070343683 0.09501501070343683 0.1255792587564137 0.4794751344889994 0.8172225743354002 0.8848254522917276 1.1745891229298124
44 440 0.10303865589835325 1.154204554494393 0.0953447933425161 0.0953447933425161 0.12100234611911294 0.48458428665520187 0.7759783059573633 0.8539371084829791 1.154204554494393
45 450 0.1089372769603098 1.1455116070893607 0.08918789450035039 0.08918789450035039 0.11550332767419373 0.47353401942662554 0.7767178806253573 0.8598083381598055 1.1455116070893607
46 460 0.09926333093154575 1.1442111435964117 0.08826500557367944 0.08826500557367944 0.10891092412714401 0.47249807794301135 0.774198633324765 0.8611677365483565 1.1442111435964117
47 470 0.0851585451280862 1.147911707739415 0.08599948084831484 0.08599948084831484 0.10713539444921273 0.4592381588881596 0.6959028948669527 0.8384130021892676 1.147911707739415
48 480 0.07974402268591342 0.9928503380961143 0.08347538502317563 0.08347538502317563 0.10632515018358661 0.450523746041626 0.6926905454080381 0.833165448799743 0.9928503380961143
49 490 0.07350113489071594 0.9853844397839632 0.08405995798036758 0.08405995798036758 0.09831725115114487 0.4502859288368403 0.662677014015037 0.8383326859998533 0.9853844397839632
50 500 0.06256996816100098 0.9528148829663208 0.0811599800793353 0.0811599800793353 0.09778786299114908 0.4534481387848243 0.6558465707326588 0.8044698098582652 0.9528148829663208
51 510 0.05362588578046324 0.9033582789283752 0.0792073771067762 0.0792073771067762 0.09685060735457195 0.44541325564874507 0.6210391523397182 0.752663046626468 0.9033582789283752
52 520 0.050841220065098315 0.8507629815382118 0.07747908823867335 0.07747908823867335 0.09497733368204235 0.4390192560913964 0.5892448181989662 0.7308114641666469 0.8507629815382118
53 530 0.0434878819001999 0.8558604951164113 0.07220478889926774 0.07220478889926774 0.0905957422877602 0.4223746728790503 0.5656621079043681 0.7671606626417096 0.8558604951164113
54 540 0.04140075412124376 0.87495385817934 0.07099377643298908 0.07099377643298908 0.08035177653642321 0.4242810052262305 0.5650846281731597 0.7575120273991132 0.87495385817934
55 550 0.03917024707274075 0.833877881028524 0.07033260462448589 0.07033260462448589 0.07838183248236176 0.4351397654075187 0.5496923037918553 0.7485289117876427 0.833877881028524
56 560 0.038445977840579806 0.8434488761054081 0.06782890509086585 0.06782890509086585 0.07492829950569639 0.4137800916212969 0.5448898488867168 0.7283551848872358 0.8434488761054081
57 570 0.03536566019800216 0.8336535507858592 0.06658499263979689 0.06658499263979689 0.07192884255378561 0.40613623966029727 0.55060400886673 0.7342456933912963 0.8336535507858592
58 580 0.03442123901206151 0.80882635911711 0.06129416892159549 0.06129416892159549 0.06908827522794495 0.39162186868908666 0.57843803558404 0.7228602493774317 0.80882635911711
59 590 0.033263979403545 0.7688867312950737 0.05865381310801866 0.05865381310801866 0.06390419012022272 0.41089743574360293 0.5936471083762842 0.7092595922151357 0.7688867312950737
60 600 0.030254460737430197 0.7631755206776485 0.05425897170325544 0.05425897170325544 0.06452385405981692 0.40934820735071026 0.5537155507764467 0.7164383904902815 0.7631755206776485
61 610 0.025805152582011586 0.7483844253893059 0.05386085844489139 0.05386085844489139 0.06500860671184452 0.37409432139654003 0.5425867800050106 0.7033137162316069 0.7483844253893059
62 620 0.025616381041018318 0.714232284874635 0.0520930879477279 0.0520930879477279 0.06445547409527527 0.36296480905629197 0.5205462321080625 0.6787396396950506 0.714232284874635
63 630 0.024915173530407474 0.720369329766998 0.053014851755935254 0.053014851755935254 0.06342194557900017 0.34814634052911353 0.5318214852128242 0.6401652497050817 0.720369329766998
64 640 0.02190427549144728 0.7069598908036786 0.050929980547709926 0.050929980547709926 0.06351037990212133 0.33628019842921686 0.511453542779261 0.6263159433278781 0.7069598908036786
65 650 0.01953441995855589 0.7004623862589363 0.04866934734386939 0.04866934734386939 0.06359126587057633 0.33053807217512265 0.4992325188401567 0.5869328289925703 0.7004623862589363
66 660 0.01707500147586789 0.6826805177659521 0.046339085189684985 0.046339085189684985 0.06163557354450088 0.3401349409642287 0.4683553071274793 0.5818432644965924 0.6826805177659521
67 670 0.01711225297758532 0.6914510260941861 0.04452390353764425 0.04452390353764425 0.056308739063996305 0.33253148028225804 0.4643585836358552 0.5664539074211767 0.6914510260941861
68 680 0.01609688969202026 0.7137333737666267 0.044074024314231575 0.044074024314231575 0.05169680641896589 0.31720337572197693 0.47119187694320613 0.5774050636205672 0.7137333737666267
69 690 0.015002873940911295 0.6763278161093503 0.04204131919714076 0.04204131919714076 0.05184198617866818 0.3158001849081064 0.445373052279985 0.5667202821561325 0.6763278161093503
70 700 0.012776755012194241 0.645269779003988 0.04130845300959446 0.04130845300959446 0.04997409403165142 0.32197753114459826 0.46506553274278606 0.5395457595522322 0.645269779003988
71 710 0.0106766026830218 0.6412997925755088 0.03875254255146725 0.03875254255146725 0.04895654018866468 0.31785902790072634 0.45293968050408084 0.4788515265193059 0.6412997925755088
72 720 0.008988010739215655 0.6310564433720909 0.03871236403597009 0.03871236403597009 0.048237637323939216 0.30746500521217457 0.4037195731492934 0.4659193690794876 0.6310564433720909
73 730 0.009334716320312743 0.6032325929665032 0.037584598315967305 0.037584598315967305 0.04806201619983182 0.2935145574773787 0.3861279708007236 0.46009725811336705 0.6032325929665032
74 740 0.009095134465616515 0.5716456065717315 0.035635557663600985 0.035635557663600985 0.04995908316386913 0.28086438128727664 0.433791920134391 0.44516493492597786 0.5716456065717315
75 750 0.0080989202620328 0.578105241070063 0.033985675070560696 0.033985675070560696 0.048993294054080316 0.27997303597849116 0.40081444093808827 0.44479294730111296 0.578105241070063
76 760 0.007060856536030471 0.5803554575993555 0.033573304782451616 0.033573304782451616 0.044399458371038994 0.27711701393197147 0.381800782276328 0.4396009166968471 0.5803554575993555
77 770 0.006490781475884983 0.5425658497673811 0.031790073391753666 0.031790073391753666 0.04329645872746727 0.2637788732645545 0.385221436067949 0.4326175238637569 0.5425658497673811
78 780 0.006230235189668395 0.5235428572868683 0.02967720565639666 0.02967720565639666 0.04125448992633891 0.2629489355751662 0.37008723394037485 0.44515778628290403 0.5235428572868683
79 790 0.005701946440882624 0.51094382533518 0.028332744481484817 0.028332744481484817 0.04120798438019685 0.25620929790148356 0.3754061135552735 0.45647955540853874 0.51094382533518
80 800 0.005412641035382976 0.5135634115946497 0.026195805037902288 0.026195805037902288 0.038606624383927084 0.25655099743432824 0.377226804271929 0.4284491862695872 0.5135634115946497
80 800 0.005412641035382976 0.5135634115946497 0.026195805037902288 0.026195805037902288 0.038606624383927084 0.25655099743432824 0.377226804271929 0.4284491862695872 0.5135634115946497
