% # columns="iteration, evaluation, min max(neg(.)) min(pos(.)) max correlation, correlation matrix principal axes lengths  (sorted square roots of eigenvalues of correlation matrix)", seed=333, Tue Dec 16 00:15:14 2025
1 10 -0.07306508265507336 -0.00986960741629627 0.0399809859486272 0.11441096505231858 0.8890137420676091 0.9653997060974859 0.9970086399415015 1.0044784787858967 1.0373362058286753 1.094800588005309
2 20 -0.07306508265507336 -0.00986960741629627 0.0399809859486272 0.11441096505231858 0.8890137420676091 0.9653997060974859 0.9970086399415015 1.0044784787858967 1.0373362058286753 1.094800588005309
3 30 -0.07306508265507336 -0.00986960741629627 0.0399809859486272 0.11441096505231858 0.8890137420676091 0.9653997060974859 0.9970086399415015 1.0044784787858967 1.0373362058286753 1.094800588005309
4 40 -0.07306508265507336 -0.00986960741629627 0.0399809859486272 0.11441096505231858 0.8890137420676091 0.9653997060974859 0.9970086399415015 1.0044784787858967 1.0373362058286753 1.094800588005309
5 50 -0.07306508265507336 -0.00986960741629627 0.0399809859486272 0.11441096505231858 0.8890137420676091 0.9653997060974859 0.9970086399415015 1.0044784787858967 1.0373362058286753 1.094800588005309
6 60 -0.07306508265507336 -0.00986960741629627 0.0399809859486272 0.11441096505231858 0.8890137420676091 0.9653997060974859 0.9970086399415015 1.0044784787858967 1.0373362058286753 1.094800588005309
7 70 -0.31742890560709547 -0.12206864957305083 0.09472450678939658 0.2290392642317705 0.694544707499356 0.8873565975006482 0.9628569554404139 1.084817423414393 1.0916120165469905 1.1977757572699044
8 80 -0.31742890560709547 -0.12206864957305083 0.09472450678939658 0.2290392642317705 0.694544707499356 0.8873565975006482 0.9628569554404139 1.084817423414393 1.0916120165469905 1.1977757572699044
9 90 -0.31742890560709547 -0.12206864957305083 0.09472450678939658 0.2290392642317705 0.694544707499356 0.8873565975006482 0.9628569554404139 1.084817423414393 1.0916120165469905 1.1977757572699044
10 100 -0.31742890560709547 -0.12206864957305083 0.09472450678939658 0.2290392642317705 0.694544707499356 0.8873565975006482 0.9628569554404139 1.084817423414393 1.0916120165469905 1.1977757572699044
11 110 -0.31742890560709547 -0.12206864957305083 0.09472450678939658 0.2290392642317705 0.694544707499356 0.8873565975006482 0.9628569554404139 1.084817423414393 1.0916120165469905 1.1977757572699044
12 120 -0.31742890560709547 -0.12206864957305083 0.09472450678939658 0.2290392642317705 0.694544707499356 0.8873565975006482 0.9628569554404139 1.084817423414393 1.0916120165469905 1.1977757572699044
13 130 -0.46118632874565796 -0.22966375985670803 0.26131901799491586 0.4731855235606627 0.4725667688337367 0.7355933757077799 0.8803872330687829 0.9841250599570662 1.2193361196023913 1.4160574311290668
14 140 -0.46118632874565796 -0.22966375985670803 0.26131901799491586 0.4731855235606627 0.4725667688337367 0.7355933757077799 0.8803872330687829 0.9841250599570662 1.2193361196023913 1.4160574311290668
15 150 -0.46118632874565796 -0.22966375985670803 0.26131901799491586 0.4731855235606627 0.4725667688337367 0.7355933757077799 0.8803872330687829 0.9841250599570662 1.2193361196023913 1.4160574311290668
16 160 -0.46118632874565796 -0.22966375985670803 0.26131901799491586 0.4731855235606627 0.4725667688337367 0.7355933757077799 0.8803872330687829 0.9841250599570662 1.2193361196023913 1.4160574311290668
17 170 -0.46118632874565796 -0.22966375985670803 0.26131901799491586 0.4731855235606627 0.4725667688337367 0.7355933757077799 0.8803872330687829 0.9841250599570662 1.2193361196023913 1.4160574311290668
18 180 -0.46118632874565796 -0.22966375985670803 0.26131901799491586 0.4731855235606627 0.4725667688337367 0.7355933757077799 0.8803872330687829 0.9841250599570662 1.2193361196023913 1.4160574311290668
19 190 -0.7557924138201437 -0.15716636460622518 0.11017384946420662 0.6317752028277249 0.29876188370964285 0.6435048725334094 0.7797005677126423 1.0234350523808922 1.2845425406855862 1.480284092768598
20 200 -0.7557924138201437 -0.15716636460622518 0.11017384946420662 0.6317752028277249 0.29876188370964285 0.6435048725334094 0.7797005677126423 1.0234350523808922 1.2845425406855862 1.480284092768598
21 210 -0.7557924138201437 -0.15716636460622518 0.11017384946420662 0.6317752028277249 0.29876188370964285 0.6435048725334094 0.7797005677126423 1.0234350523808922 1.2845425406855862 1.480284092768598
22 220 -0.7557924138201437 -0.15716636460622518 0.11017384946420662 0.6317752028277249 0.29876188370964285 0.6435048725334094 0.7797005677126423 1.0234350523808922 1.2845425406855862 1.480284092768598
23 230 -0.7557924138201437 -0.15716636460622518 0.11017384946420662 0.6317752028277249 0.29876188370964285 0.6435048725334094 0.7797005677126423 1.0234350523808922 1.2845425406855862 1.480284092768598
24 240 -0.7557924138201437 -0.15716636460622518 0.11017384946420662 0.6317752028277249 0.29876188370964285 0.6435048725334094 0.7797005677126423 1.0234350523808922 1.2845425406855862 1.480284092768598
25 250 -0.7995842690977972 -0.19976315480870582 0.08893565267431028 0.7753531644357118 0.2293724395851958 0.5108663597832167 0.736145870940438 0.9839228084431584 1.360210009412607 1.5251943287388035
26 260 -0.7995842690977972 -0.19976315480870582 0.08893565267431028 0.7753531644357118 0.2293724395851958 0.5108663597832167 0.736145870940438 0.9839228084431584 1.360210009412607 1.5251943287388035
27 270 -0.7995842690977972 -0.19976315480870582 0.08893565267431028 0.7753531644357118 0.2293724395851958 0.5108663597832167 0.736145870940438 0.9839228084431584 1.360210009412607 1.5251943287388035
28 280 -0.7995842690977972 -0.19976315480870582 0.08893565267431028 0.7753531644357118 0.2293724395851958 0.5108663597832167 0.736145870940438 0.9839228084431584 1.360210009412607 1.5251943287388035
29 290 -0.7995842690977972 -0.19976315480870582 0.08893565267431028 0.7753531644357118 0.2293724395851958 0.5108663597832167 0.736145870940438 0.9839228084431584 1.360210009412607 1.5251943287388035
30 300 -0.7995842690977972 -0.19976315480870582 0.08893565267431028 0.7753531644357118 0.2293724395851958 0.5108663597832167 0.736145870940438 0.9839228084431584 1.360210009412607 1.5251943287388035
31 310 -0.8572564135117863 -0.3616517797254596 0.21371485886908465 0.8638878182012086 0.20635006191340588 0.4308731427336729 0.6164111545142082 0.7730620722084658 1.4813849953816627 1.6123519477398311
32 320 -0.8572564135117863 -0.3616517797254596 0.21371485886908465 0.8638878182012086 0.20635006191340588 0.4308731427336729 0.6164111545142082 0.7730620722084658 1.4813849953816627 1.6123519477398311
33 330 -0.8572564135117863 -0.3616517797254596 0.21371485886908465 0.8638878182012086 0.20635006191340588 0.4308731427336729 0.6164111545142082 0.7730620722084658 1.4813849953816627 1.6123519477398311
34 340 -0.8572564135117863 -0.3616517797254596 0.21371485886908465 0.8638878182012086 0.20635006191340588 0.4308731427336729 0.6164111545142082 0.7730620722084658 1.4813849953816627 1.6123519477398311
35 350 -0.8572564135117863 -0.3616517797254596 0.21371485886908465 0.8638878182012086 0.20635006191340588 0.4308731427336729 0.6164111545142082 0.7730620722084658 1.4813849953816627 1.6123519477398311
36 360 -0.8572564135117863 -0.3616517797254596 0.21371485886908465 0.8638878182012086 0.20635006191340588 0.4308731427336729 0.6164111545142082 0.7730620722084658 1.4813849953816627 1.6123519477398311
37 370 -0.9023995387077213 -0.41926526579257695 0.2865989906779748 0.9011310346832495 0.17821958433611212 0.3045522253225569 0.5234672576230756 0.728958032490505 1.5206838233704598 1.6606049043085747
38 380 -0.9023995387077213 -0.41926526579257695 0.2865989906779748 0.9011310346832495 0.17821958433611212 0.3045522253225569 0.5234672576230756 0.728958032490505 1.5206838233704598 1.6606049043085747
39 390 -0.9023995387077213 -0.41926526579257695 0.2865989906779748 0.9011310346832495 0.17821958433611212 0.3045522253225569 0.5234672576230756 0.728958032490505 1.5206838233704598 1.6606049043085747
40 400 -0.9023995387077213 -0.41926526579257695 0.2865989906779748 0.9011310346832495 0.17821958433611212 0.3045522253225569 0.5234672576230756 0.728958032490505 1.5206838233704598 1.6606049043085747
41 410 -0.9023995387077213 -0.41926526579257695 0.2865989906779748 0.9011310346832495 0.17821958433611212 0.3045522253225569 0.5234672576230756 0.728958032490505 1.5206838233704598 1.6606049043085747
42 420 -0.9023995387077213 -0.41926526579257695 0.2865989906779748 0.9011310346832495 0.17821958433611212 0.3045522253225569 0.5234672576230756 0.728958032490505 1.5206838233704598 1.6606049043085747
43 430 -0.9344876437070194 -0.3515231649486089 0.3327050694515332 0.8960880769265095 0.18284431823388186 0.26037405470634023 0.3715751497271604 0.7388813012316735 1.4777139013299474 1.7410115632979069
44 440 -0.9344876437070194 -0.3515231649486089 0.3327050694515332 0.8960880769265095 0.18284431823388186 0.26037405470634023 0.3715751497271604 0.7388813012316735 1.4777139013299474 1.7410115632979069
45 450 -0.9344876437070194 -0.3515231649486089 0.3327050694515332 0.8960880769265095 0.18284431823388186 0.26037405470634023 0.3715751497271604 0.7388813012316735 1.4777139013299474 1.7410115632979069
46 460 -0.9344876437070194 -0.3515231649486089 0.3327050694515332 0.8960880769265095 0.18284431823388186 0.26037405470634023 0.3715751497271604 0.7388813012316735 1.4777139013299474 1.7410115632979069
47 470 -0.9344876437070194 -0.3515231649486089 0.3327050694515332 0.8960880769265095 0.18284431823388186 0.26037405470634023 0.3715751497271604 0.7388813012316735 1.4777139013299474 1.7410115632979069
48 480 -0.9344876437070194 -0.3515231649486089 0.3327050694515332 0.8960880769265095 0.18284431823388186 0.26037405470634023 0.3715751497271604 0.7388813012316735 1.4777139013299474 1.7410115632979069
49 490 -0.9431999410757905 -0.3176237581917708 0.31413928995010826 0.919285361549572 0.18368022879061616 0.2208859213945106 0.3396148453927622 0.7757782880560039 1.4855502021250198 1.730156462525047
50 500 -0.9431999410757905 -0.3176237581917708 0.31413928995010826 0.919285361549572 0.18368022879061616 0.2208859213945106 0.3396148453927622 0.7757782880560039 1.4855502021250198 1.730156462525047
51 510 -0.9431999410757905 -0.3176237581917708 0.31413928995010826 0.919285361549572 0.18368022879061616 0.2208859213945106 0.3396148453927622 0.7757782880560039 1.4855502021250198 1.730156462525047
52 520 -0.9431999410757905 -0.3176237581917708 0.31413928995010826 0.919285361549572 0.18368022879061616 0.2208859213945106 0.3396148453927622 0.7757782880560039 1.4855502021250198 1.730156462525047
53 530 -0.9431999410757905 -0.3176237581917708 0.31413928995010826 0.919285361549572 0.18368022879061616 0.2208859213945106 0.3396148453927622 0.7757782880560039 1.4855502021250198 1.730156462525047
54 540 -0.9431999410757905 -0.3176237581917708 0.31413928995010826 0.919285361549572 0.18368022879061616 0.2208859213945106 0.3396148453927622 0.7757782880560039 1.4855502021250198 1.730156462525047
55 550 -0.9410232862296519 -0.3049876150686457 0.36278820103174697 0.9257876019027347 0.16225137987918117 0.20289004823634138 0.26542487149580973 0.827317776535319 1.4188274679448545 1.7789136202972984
56 560 -0.9410232862296519 -0.3049876150686457 0.36278820103174697 0.9257876019027347 0.16225137987918117 0.20289004823634138 0.26542487149580973 0.827317776535319 1.4188274679448545 1.7789136202972984
57 570 -0.9410232862296519 -0.3049876150686457 0.36278820103174697 0.9257876019027347 0.16225137987918117 0.20289004823634138 0.26542487149580973 0.827317776535319 1.4188274679448545 1.7789136202972984
58 580 -0.9410232862296519 -0.3049876150686457 0.36278820103174697 0.9257876019027347 0.16225137987918117 0.20289004823634138 0.26542487149580973 0.827317776535319 1.4188274679448545 1.7789136202972984
59 590 -0.9410232862296519 -0.3049876150686457 0.36278820103174697 0.9257876019027347 0.16225137987918117 0.20289004823634138 0.26542487149580973 0.827317776535319 1.4188274679448545 1.7789136202972984
60 600 -0.9410232862296519 -0.3049876150686457 0.36278820103174697 0.9257876019027347 0.16225137987918117 0.20289004823634138 0.26542487149580973 0.827317776535319 1.4188274679448545 1.7789136202972984
61 610 -0.9557843466541707 -0.2657131141792992 0.36566895425972673 0.9502143577999143 0.15982560222395623 0.1784448217455698 0.2175428657166726 0.8323311208472455 1.4270413606391157 1.779344313036729
62 620 -0.9557843466541707 -0.2657131141792992 0.36566895425972673 0.9502143577999143 0.15982560222395623 0.1784448217455698 0.2175428657166726 0.8323311208472455 1.4270413606391157 1.779344313036729
63 630 -0.9557843466541707 -0.2657131141792992 0.36566895425972673 0.9502143577999143 0.15982560222395623 0.1784448217455698 0.2175428657166726 0.8323311208472455 1.4270413606391157 1.779344313036729
64 640 -0.9557843466541707 -0.2657131141792992 0.36566895425972673 0.9502143577999143 0.15982560222395623 0.1784448217455698 0.2175428657166726 0.8323311208472455 1.4270413606391157 1.779344313036729
65 650 -0.9557843466541707 -0.2657131141792992 0.36566895425972673 0.9502143577999143 0.15982560222395623 0.1784448217455698 0.2175428657166726 0.8323311208472455 1.4270413606391157 1.779344313036729
66 660 -0.9557843466541707 -0.2657131141792992 0.36566895425972673 0.9502143577999143 0.15982560222395623 0.1784448217455698 0.2175428657166726 0.8323311208472455 1.4270413606391157 1.779344313036729
67 670 -0.9526223674604224 -0.3567875066286653 0.3707143728534831 0.9346310391186915 0.13484562743297815 0.1778787601454737 0.2254999507928111 0.7953419043380455 1.4095323675240328 1.8110702183377048
68 680 -0.9526223674604224 -0.3567875066286653 0.3707143728534831 0.9346310391186915 0.13484562743297815 0.1778787601454737 0.2254999507928111 0.7953419043380455 1.4095323675240328 1.8110702183377048
69 690 -0.9526223674604224 -0.3567875066286653 0.3707143728534831 0.9346310391186915 0.13484562743297815 0.1778787601454737 0.2254999507928111 0.7953419043380455 1.4095323675240328 1.8110702183377048
70 700 -0.9526223674604224 -0.3567875066286653 0.3707143728534831 0.9346310391186915 0.13484562743297815 0.1778787601454737 0.2254999507928111 0.7953419043380455 1.4095323675240328 1.8110702183377048
71 710 -0.9526223674604224 -0.3567875066286653 0.3707143728534831 0.9346310391186915 0.13484562743297815 0.1778787601454737 0.2254999507928111 0.7953419043380455 1.4095323675240328 1.8110702183377048
72 720 -0.9526223674604224 -0.3567875066286653 0.3707143728534831 0.9346310391186915 0.13484562743297815 0.1778787601454737 0.2254999507928111 0.7953419043380455 1.4095323675240328 1.8110702183377048
73 730 -0.9347794818016113 -0.44188097333672494 0.30572465837359253 0.9511273232969344 0.12799712149579745 0.18270366424478462 0.24876791692672967 0.7927342689256441 1.3708860935963132 1.8386392600843213
74 740 -0.9347794818016113 -0.44188097333672494 0.30572465837359253 0.9511273232969344 0.12799712149579745 0.18270366424478462 0.24876791692672967 0.7927342689256441 1.3708860935963132 1.8386392600843213
75 750 -0.9347794818016113 -0.44188097333672494 0.30572465837359253 0.9511273232969344 0.12799712149579745 0.18270366424478462 0.24876791692672967 0.7927342689256441 1.3708860935963132 1.8386392600843213
76 760 -0.9347794818016113 -0.44188097333672494 0.30572465837359253 0.9511273232969344 0.12799712149579745 0.18270366424478462 0.24876791692672967 0.7927342689256441 1.3708860935963132 1.8386392600843213
77 770 -0.9347794818016113 -0.44188097333672494 0.30572465837359253 0.9511273232969344 0.12799712149579745 0.18270366424478462 0.24876791692672967 0.7927342689256441 1.3708860935963132 1.8386392600843213
78 780 -0.9347794818016113 -0.44188097333672494 0.30572465837359253 0.9511273232969344 0.12799712149579745 0.18270366424478462 0.24876791692672967 0.7927342689256441 1.3708860935963132 1.8386392600843213
79 790 -0.9551125718315612 -0.608727996144759 0.4549337127568924 0.9531473272069435 0.10307561192681276 0.15347487439123442 0.19670744735328197 0.667904808632195 1.2456534654055336 1.9822657924812805
80 800 -0.9551125718315612 -0.608727996144759 0.4549337127568924 0.9531473272069435 0.10307561192681276 0.15347487439123442 0.19670744735328197 0.667904808632195 1.2456534654055336 1.9822657924812805
80 800 -0.9551125718315612 -0.608727996144759 0.4549337127568924 0.9531473272069435 0.10307561192681276 0.15347487439123442 0.19670744735328197 0.667904808632195 1.2456534654055336 1.9822657924812805
