% # columns="iteration, evaluation, void, void, void, xmean", seed=333, Tue Dec 16 00:15:14 2025, <python>{}</python> # scaling_of_variables: 1, typical_x: 0
1 10 0 0 0 0.704238040923547 -0.29244562556242276 0.09046461653989436 59.01282570693574 -71.65510575487939 -34.21394034588913
2 20 0 0 0 0.700122350891759 -0.303284353144155 0.0821816363307345 61.36928713824043 -70.79016344597176 -32.89981005738636
3 30 0 0 0 0.7162611256745091 -0.28354879148392637 0.09098124538304499 60.57939555210408 -70.44348978515303 -36.356164201766205
4 40 0 0 0 0.7199198637581425 -0.30022307250189184 0.09807169598808498 64.6547003760085 -71.77086525197048 -38.198663768798475
5 50 0 0 0 0.7259224536850953 -0.2928340701599873 0.11003806899314357 67.85089954520907 -71.0062518057776 -40.39424005134029
6 60 0 0 0 0.7040134429401733 -0.28705288630322573 0.10293550842775519 62.434205538642416 -71.7846220928898 -38.205884759695785
7 70 0 0 0 0.700055357227407 -0.2932526335220959 0.09981889881740924 62.23511681173232 -74.37270749894527 -40.12852407251402
8 80 0 0 0 0.709153025726764 -0.2962707501550829 0.1035742010788006 63.86126377901986 -73.34837285442597 -38.86090354835248
9 90 0 0 0 0.7075310998868838 -0.28801873847436954 0.0972205902501991 64.62074204550062 -75.1761596903494 -39.14821444367954
10 100 0 0 0 0.7163040640250254 -0.2845883927097804 0.10208360286017616 66.93235413302936 -74.85086234997928 -39.1945663229418
11 110 0 0 0 0.7160389088526485 -0.2831974235095664 0.10030502595307056 67.30148020749085 -76.2525596570484 -38.188834823154316
12 120 0 0 0 0.7228660243652871 -0.2836507001634739 0.10487650295916054 67.29565816069065 -74.73942512816551 -39.2397142038153
13 130 0 0 0 0.7278313271143697 -0.28776611982887423 0.11109475956144232 69.01810358051554 -73.54508212279563 -41.322461805956436
14 140 0 0 0 0.7303385787311298 -0.28846159777386604 0.11437656710335656 70.47403963503122 -74.47832028806697 -41.86900214891448
15 150 0 0 0 0.7351400805211394 -0.29268345558031345 0.1176785645092321 72.40840939506154 -75.04953173763434 -42.19294401283786
16 160 0 0 0 0.7398279645385302 -0.2950899732817573 0.12103551785350901 74.88131181333934 -75.58216116349438 -42.087639287380874
17 170 0 0 0 0.7416727009134501 -0.29276519465838546 0.1210223580469586 75.63493266883027 -75.79825042096522 -43.01805791971972
18 180 0 0 0 0.7416664376649095 -0.2921345662394057 0.12338242084668256 75.32948678306961 -74.21767711139884 -43.15086444700001
19 190 0 0 0 0.7496768097669906 -0.2932659369354839 0.13327193480770075 79.03559915287279 -75.30394271548974 -45.05155950907623
20 200 0 0 0 0.7521763425123905 -0.2899418091916452 0.13426471256575256 81.1452925961914 -78.00000829705323 -44.90222426342538
21 210 0 0 0 0.7560650336545157 -0.2845248850250601 0.13784022683836686 81.64669182393777 -77.34456116178703 -45.99361337114089
22 220 0 0 0 0.7550011975372485 -0.2939908659378434 0.14185586911342196 81.04269320169597 -76.64342957915623 -46.947800953425876
23 230 0 0 0 0.7604195797600819 -0.29715765011247525 0.1446271374549702 82.72252179137803 -76.89949738355881 -47.84657744731381
24 240 0 0 0 0.7664642193597392 -0.29556227516199435 0.15141532772915614 84.75462599413673 -76.35654841312244 -49.33944744038632
25 250 0 0 0 0.7677914370257308 -0.30041375547876153 0.1507999412659027 85.11980181443211 -76.35912191818043 -48.905421914373655
26 260 0 0 0 0.7683170153412662 -0.300195871575193 0.15476341318262374 85.7879006765357 -77.05441355919662 -49.63675364365695
27 270 0 0 0 0.7701362189016442 -0.2993510798721312 0.15494967098892512 86.91125630524762 -77.41189081080226 -50.102261929477834
28 280 0 0 0 0.7685052958726989 -0.29881288550437557 0.15378860785337417 86.8618853801585 -78.24519742827 -49.67299039317115
29 290 0 0 0 0.7694702619621823 -0.2970654160151861 0.15643367947509526 87.72592061817467 -78.97157113847831 -50.43952247916428
30 300 0 0 0 0.7693682183145784 -0.2990918283890627 0.15333630210347293 87.72147875456419 -78.86673193678634 -50.028607269843675
31 310 0 0 0 0.7665440803439366 -0.2985090480445129 0.15489158807567793 86.32945807485606 -78.5586866146195 -50.156569606858596
32 320 0 0 0 0.7675315833454485 -0.2998773654043925 0.15739596836227518 86.71626405165745 -78.24959503590652 -50.76575923492583
33 330 0 0 0 0.769664611555884 -0.29862358403601996 0.15892025372506607 87.7112408993815 -78.60774388100107 -50.94710636676541
34 340 0 0 0 0.7673954938849862 -0.30012384930354824 0.15879202007737536 86.86613863094762 -78.18728188603325 -50.97156947484445
35 350 0 0 0 0.7691731551716229 -0.29773576861291834 0.1604738909577771 87.63574350722111 -78.40409692570711 -51.049557894956514
36 360 0 0 0 0.7683973167070978 -0.29807217560876975 0.1626239012077541 87.99774584243335 -78.74165792265005 -51.564820687340124
37 370 0 0 0 0.766242684320875 -0.29832030408372806 0.16223843425236364 87.36057854912286 -78.69825342212073 -51.593365697275686
38 380 0 0 0 0.7668364627409218 -0.29837727788452945 0.1622914124686476 87.68309639397252 -79.01720358964181 -51.43281882925495
39 390 0 0 0 0.764914751806135 -0.2973472843619215 0.16236471467405786 87.1603587770301 -79.11696975972103 -51.51191601333951
40 400 0 0 0 0.7681574500778043 -0.29766359405053433 0.16418049118327324 88.0794102359289 -79.03072504963052 -51.79545087564293
41 410 0 0 0 0.7671752094270918 -0.29839264445765473 0.16526906173004838 87.78694135107455 -78.75575058299775 -52.16057077882358
42 420 0 0 0 0.7668329972745953 -0.29653192579054244 0.1664617886666161 87.98746545613845 -79.10628257655542 -52.248322403913605
43 430 0 0 0 0.7666442419359157 -0.29789541583472806 0.16677079071503434 87.75504499587993 -78.65824661680777 -52.331322412613005
44 440 0 0 0 0.7662777435332304 -0.29654113556783473 0.16620382581582469 87.32563353090468 -78.53750169703443 -52.13002025821732
45 450 0 0 0 0.7659765803006774 -0.29729008691011155 0.16837255139033722 87.09884863684378 -78.18278459918692 -52.5070397983307
46 460 0 0 0 0.7660769728117692 -0.2976115296463897 0.1686708432853471 87.29066911725108 -78.34488246479431 -52.59139456668134
47 470 0 0 0 0.765833197062533 -0.29730342700286383 0.1681631721643644 87.18188935324496 -78.30424992871565 -52.44103497761149
48 480 0 0 0 0.7665903898777102 -0.2969862205742118 0.16702249843215441 87.4883622948746 -78.444079430514 -52.231967457569624
49 490 0 0 0 0.7662208380928285 -0.2974484139437874 0.16753467107535375 87.06683378592506 -78.17348614541255 -52.27007963728789
50 500 0 0 0 0.7660653263366346 -0.29752405341936733 0.1671564063612851 87.04002853170878 -78.21340601003597 -52.203486937537136
51 510 0 0 0 0.7662277554897937 -0.2973994687821143 0.16745185297750265 87.07612330401025 -78.12934845280422 -52.278481206810916
52 520 0 0 0 0.7657848185890187 -0.2971525412129522 0.16802348799190836 87.08256431140477 -78.1886310236769 -52.391020691114434
53 530 0 0 0 0.7656925317230989 -0.297077923384765 0.16728208650240273 86.99324622444126 -78.2178559610933 -52.24827032639412
54 540 0 0 0 0.7660789323813897 -0.29705176675436773 0.1673581867372832 87.04862637295282 -78.14417621892309 -52.28700186384128
55 550 0 0 0 0.76622748920447 -0.29720473025356275 0.16780325204306817 87.03335711764534 -78.02993004078301 -52.36113834580333
56 560 0 0 0 0.7661798019564973 -0.29742947198843184 0.16759666880611898 86.90893742360893 -77.91428568043112 -52.29705903741788
57 570 0 0 0 0.7659923634104236 -0.29742109352440255 0.16735526937769746 86.81664046670745 -77.91683226137877 -52.254043886968475
58 580 0 0 0 0.7660627765257854 -0.29725722247761244 0.16773485520479808 86.77077184629503 -77.81429120315943 -52.30496221530983
59 590 0 0 0 0.76624851157831 -0.2972795135009797 0.16798335548341153 86.78303107758386 -77.76063935447385 -52.35569833604398
60 600 0 0 0 0.7661486683389407 -0.2974315329209891 0.16815550617608924 86.80406463488433 -77.79658987136753 -52.390865997064736
61 610 0 0 0 0.7661239450391438 -0.29726054510268113 0.16816212148899176 86.84773322495217 -77.83952840417273 -52.39283086337605
62 620 0 0 0 0.7662444071357802 -0.2971203645986193 0.1680357330961995 86.89098160950076 -77.89701237105955 -52.37387994789412
63 630 0 0 0 0.7663885040975756 -0.2970601993172729 0.1679433675973408 86.89935515461514 -77.88575537265865 -52.347965662085905
64 640 0 0 0 0.7661478051475216 -0.2970291959099343 0.16798359963300113 86.82704707592636 -77.8789380966493 -52.35261855568331
65 650 0 0 0 0.7662100922529844 -0.2972376929611491 0.16793591879923353 86.85447237227494 -77.87128458007615 -52.34557817214752
66 660 0 0 0 0.7661428348358384 -0.2972302350797906 0.168105797706019 86.83181698561934 -77.85635300466026 -52.37910103391188
67 670 0 0 0 0.7662163602697812 -0.29728403575209766 0.16784080691772038 86.80622852646833 -77.84000676766017 -52.33008535534685
68 680 0 0 0 0.7662230743484709 -0.2973307725169509 0.1678472833014331 86.78531468108962 -77.81347480745256 -52.33084572266538
69 690 0 0 0 0.7662097585019603 -0.2971983821413302 0.16799986993064786 86.82582410145807 -77.83711498007622 -52.356853314890785
70 700 0 0 0 0.7662161765069239 -0.29722896006994576 0.1680185020144158 86.8085678494775 -77.81722765943434 -52.3584195435292
71 710 0 0 0 0.76621193349024 -0.29721798149698775 0.16801639410004404 86.82683464578467 -77.83872986739586 -52.35890139117246
72 720 0 0 0 0.7662489171610499 -0.29720615632867803 0.16799155993942355 86.839829362761 -77.8422452944511 -52.35520630040265
73 730 0 0 0 0.7662238464812968 -0.29717065477973553 0.16798224582053195 86.86084685450828 -77.87759706855967 -52.35776182610239
74 740 0 0 0 0.7662167455854584 -0.2971634296650048 0.16790264240169245 86.84450874412046 -77.87315599445125 -52.34026502690629
75 750 0 0 0 0.7662020183114381 -0.29719367116852463 0.16798790563645652 86.8596721354149 -77.88202225758815 -52.35955721916146
76 760 0 0 0 0.7662200060744074 -0.297191723169295 0.16797737432121662 86.86914661145228 -77.88746861747909 -52.35906180460022
77 770 0 0 0 0.7662601855577141 -0.2972250816149654 0.1679681176991048 86.8659444384787 -77.86958706103523 -52.356792221782996
78 780 0 0 0 0.7662165704504218 -0.2971771661359735 0.16797898571518005 86.87765780341292 -77.8925021648174 -52.36026366466529
79 790 0 0 0 0.7662063910905572 -0.2971840643355144 0.16795043744121027 86.8656405170857 -77.88540640584691 -52.35357896425
80 800 0 0 0 0.7661974395409847 -0.29718537458345584 0.16795876153860004 86.86625676772536 -77.88531678337048 -52.3549808694382
80 800 0 0 0 0.7661974395409847 -0.29718537458345584 0.16795876153860004 86.86625676772536 -77.88531678337048 -52.3549808694382
