% # columns="iter, evals, sigma, 0, fitness, xbest" seed=333, Tue Dec 16 00:15:14 2025, <python>{}</python>
1 10 0.9238246404854242 0 0.27573299407958984 0.721728112443365 -0.29588640265960564 0.07537243535244598 59.495431542280755 -69.50837916470735 -32.907372479034905
2 20 0.7672313178324026 0 0.3467857241630554 0.6957042182947374 -0.29372687627578037 0.06302506635670235 63.954456681447326 -72.68894611789004 -33.63221730348953
3 30 0.787440921395687 0 0.28473323583602905 0.7250040477412617 -0.2660940320252269 0.08990911034397896 63.87317465863463 -73.85670717601207 -37.031449807446585
4 40 0.7729315321643125 0 0.31112879514694214 0.7330976229559656 -0.30556736102384213 0.11531022842113893 63.82056065996372 -69.87583992891213 -37.49608334333487
5 50 0.7868436307536734 0 0.30549293756484985 0.7286718174962087 -0.2876860174241542 0.11737506126977425 70.55524097795886 -68.18778837355056 -40.61735084947756
6 60 0.7116963247447456 0 0.28154146671295166 0.6913873184122366 -0.28550975407901813 0.10720354077523142 58.461653202418134 -68.06883492630249 -39.865584384595344
7 70 0.6384181924491875 0 0.24654948711395264 0.7031329954706803 -0.2929429394505356 0.10504790651383256 61.43463721376399 -74.64791169270042 -40.55755963328473
8 80 0.5226329738715051 0 0.2233344316482544 0.7106100886353093 -0.29995339265270027 0.10922413945804159 62.684147149298596 -70.84135776630771 -39.04035538351465
9 90 0.4726167716824894 0 0.23353928327560425 0.7165750898244342 -0.29133481016404844 0.09899757282715813 67.36497219389233 -77.82152603255633 -40.39050720668548
10 100 0.45133642872438806 0 0.19870901107788086 0.7162736957136503 -0.2881091055233675 0.11516804997135906 65.93143284757136 -75.08654651043365 -40.820821480867274
11 110 0.41636350931311666 0 0.26642340421676636 0.7203938066657607 -0.28888390666789426 0.09500951867052272 67.00607549322042 -79.42600511401655 -37.37463019400582
12 120 0.38347171268050956 0 0.18528616428375244 0.734810236338757 -0.2830899891485079 0.11489681463206496 68.13921680417333 -73.06689080734132 -41.00094269020274
13 130 0.38556571563615505 0 0.15853941440582275 0.7322029444897266 -0.2848651829018517 0.1206509977914018 69.23602486145643 -72.95190470448571 -42.8119199975407
14 140 0.38027921683824567 0 0.14784777164459229 0.7316355862811584 -0.2902888245367558 0.11353769302678944 70.10129891635115 -73.62927354738349 -41.83249104287657
15 150 0.40278727747586135 0 0.11372411251068115 0.7384955985548294 -0.29428298383314333 0.11498274240271351 74.06941589228197 -75.62848249515582 -41.86880142649735
16 160 0.4412778045428938 0 0.13348650932312012 0.7555303025886825 -0.29515308941287743 0.13056677757752944 79.25449424173776 -74.18721078840929 -43.2070630238802
17 170 0.4118974157120405 0 0.1192057728767395 0.7387044063248481 -0.2922233536965552 0.11670070397778531 74.69720460672109 -75.59768925896067 -42.738810707405484
18 180 0.3638466403231065 0 0.11207324266433716 0.7468040390243528 -0.2945965760486988 0.1301234343700357 77.12945156936607 -73.94297241710805 -44.84972141802183
19 190 0.3876057409757722 0 0.10443532466888428 0.7511870421691098 -0.28585288466799547 0.1328205780109453 79.24677970641312 -75.25642727269734 -45.06077504377424
20 200 0.4310830017577044 0 0.13357824087142944 0.7536595804062741 -0.29973034804531995 0.1383575704987703 82.72555387334778 -79.43083028003218 -44.952287809901286
21 210 0.4399444036608931 0 0.05974292755126953 0.762673120491481 -0.2827663226647697 0.14481664273821562 80.94524947139624 -75.17879344051237 -46.355537929009984
22 220 0.40136291321758066 0 0.08730530738830566 0.7513671522899897 -0.29596304829216813 0.14059860086689674 79.36127119834559 -76.47991335534508 -45.49434424333843
23 230 0.3711902237713046 0 0.04036056995391846 0.7662323600447931 -0.30085148226212244 0.14409651025512465 83.95995202296639 -76.55181811465367 -48.14328474007043
24 240 0.36038575580212723 0 0.04067331552505493 0.7634453936719272 -0.2935984632039403 0.15539364844269843 85.23646063541229 -77.27598397633385 -50.292078481759255
25 250 0.3309553160829391 0 0.047136545181274414 0.7724402780697386 -0.30484541567576495 0.15858958275762627 87.67840794553469 -76.43116821122105 -50.166471669668525
26 260 0.29974033257113886 0 0.019739866256713867 0.7693594109425146 -0.3011942840264394 0.15666022071059804 86.15029486460543 -77.45437775798958 -50.09495562143704
27 270 0.2646317008267231 0 0.027515947818756104 0.7721082356574864 -0.2984488748510932 0.15550052398396935 87.05632910763126 -76.56667450177387 -50.193534983235686
28 280 0.23520117645672464 0 0.027761101722717285 0.7692924467305045 -0.29443323180499664 0.15057875539768314 86.12744341355821 -78.32347927518752 -49.140143071519276
29 290 0.2310699505362693 0 0.01904475688934326 0.7719175211716082 -0.29755248312375987 0.15900450214286152 88.49520447986063 -79.02773274888673 -50.969716533294225
30 300 0.20695888162361945 0 0.01901143789291382 0.7701547944241779 -0.29712474415479595 0.1542810470047668 87.77421832545109 -79.05313545720803 -49.878399474942405
31 310 0.19057641661391062 0 0.02340298891067505 0.762322973897952 -0.2967897141683213 0.15347521795377678 84.79955078202086 -78.12192805927832 -49.678923687065016
32 320 0.1759834160051744 0 0.0185854434967041 0.7664653941431513 -0.30386476982332705 0.15888806189812607 86.43708987264637 -77.87649794632635 -51.21467844179068
33 330 0.1571259778437583 0 0.013235330581665039 0.7707220719516896 -0.2955181309674726 0.1598646233727045 87.67472812027009 -78.3994287898569 -50.967967139842514
34 340 0.14135447969123002 0 0.013495445251464844 0.7678661828767686 -0.3020540362215284 0.15989289177980617 87.29607640342273 -78.44607826349794 -51.215489094974714
35 350 0.14290781915572787 0 0.009018421173095703 0.7697527734172906 -0.2976294020572367 0.16038642259020477 87.18675950727561 -77.77642250182426 -50.95875577080739
36 360 0.15410592290506092 0 0.009890615940093994 0.7693525527294837 -0.29703740272016527 0.1645007302131699 88.77495516179044 -79.16869353415251 -51.86783824199294
37 370 0.15656806748271723 0 0.009937942028045654 0.7651835303901567 -0.2987775889062269 0.16215138913757915 86.80498468879466 -78.39011221441487 -51.55698103141374
38 380 0.14903910519285904 0 0.009942710399627686 0.7659197773612204 -0.2975870285673175 0.16094144775982008 87.38750355091969 -79.09748403421621 -51.155220734841286
39 390 0.1445962413807936 0 0.008032917976379395 0.7642368847208271 -0.29634166355223335 0.16382939135829344 86.69095661958151 -78.6441796520647 -51.70742262200997
40 400 0.12968204078952025 0 0.006394863128662109 0.7687419092574859 -0.2979843824339071 0.16545064008750426 87.76589619501816 -78.39997976788598 -51.93820028970403
41 410 0.1228708886919809 0 0.007807433605194092 0.7674727900493954 -0.2996633975104267 0.16664162396521823 87.82776961629726 -78.43875304317606 -52.484711667886536
42 420 0.12005588363277359 0 0.005386173725128174 0.766070581078462 -0.2949795108537677 0.16851720910874032 87.68001314529168 -78.95318196132826 -52.4682339094936
43 430 0.1120712636087814 0 0.006328105926513672 0.7661999443713065 -0.29834030293148844 0.16715333914752017 87.37823970783388 -78.14687680285734 -52.42655396698548
44 440 0.10303865589835325 0 0.005198419094085693 0.7655179134094555 -0.29677976446991805 0.166467037966014 87.17429280991061 -78.58590636550737 -52.28076820127792
45 450 0.1089372769603098 0 0.0025007128715515137 0.7663061069363127 -0.29700792232582074 0.16877230495576942 87.37298431187139 -78.31665609062522 -52.629631091669964
46 460 0.09926333093154575 0 0.0033609867095947266 0.7659664200583651 -0.297313114819662 0.16927406138590823 87.45731294657064 -78.60648694939758 -52.69274722818819
47 470 0.0851585451280862 0 0.0025821924209594727 0.7665091223793623 -0.2972168031257527 0.1692418253735801 87.51368161318338 -78.28551225179126 -52.66577057575076
48 480 0.07974402268591342 0 0.004074454307556152 0.7676817753591726 -0.2967391121234285 0.16658084039222412 87.60859760422485 -78.34935987655108 -52.06984047941917
49 490 0.07350113489071594 0 0.0026741623878479004 0.7654215744610584 -0.29738629009686723 0.16707066251896915 86.77045605110155 -78.20550513689939 -52.17215248420038
50 500 0.06256996816100098 0 0.0025721192359924316 0.7662306875515925 -0.2975015891464376 0.1669268066556502 87.07577252969402 -78.17650162990824 -52.14474105465569
51 510 0.05362588578046324 0 0.002213597297668457 0.7663836838386753 -0.29693703489772255 0.16709154426986617 87.15792928627968 -78.24662399470422 -52.2025661690831
52 520 0.050841220065098315 0 0.0020208358764648438 0.7654884820735933 -0.29749725164455554 0.16850740183887353 87.02893105541314 -78.20873616387597 -52.4953170615625
53 530 0.0434878819001999 0 0.00253140926361084 0.7651844357640445 -0.2975237381730085 0.16709573478329026 86.93726375513411 -78.28583374305857 -52.24443824338742
54 540 0.04140075412124376 0 0.0018429160118103027 0.7664796624758013 -0.29694662248321546 0.16781611768527432 87.11215721354895 -78.03433086613747 -52.374162016309306
55 550 0.03917024707274075 0 0.0016866326332092285 0.7664133866472764 -0.29727040541891336 0.16790758026309974 86.94247604104486 -77.87589042832205 -52.36311682673102
56 560 0.038445977840579806 0 0.0018961429595947266 0.7668026833549828 -0.2973073371701614 0.167311597558294 87.02872588260026 -77.87109574164093 -52.24219017919106
57 570 0.03536566019800216 0 0.001961827278137207 0.7660874712704272 -0.2975858539922033 0.1672615950291035 86.71674256753639 -77.80811055081647 -52.23462346439692
58 580 0.03442123901206151 0 0.0017669200897216797 0.7657136832310693 -0.2971970215430611 0.16785215614546364 86.69415355042155 -77.82444144766252 -52.32233062401002
59 590 0.033263979403545 0 0.0017670989036560059 0.7661013117307773 -0.297371430425757 0.16787262871162398 86.81642045887446 -77.80589856593299 -52.34804413963001
60 600 0.030254460737430197 0 0.0017423629760742188 0.7662182833067209 -0.2974195112538228 0.16816747081162506 86.76148010340506 -77.71461273779498 -52.37273922320802
61 610 0.025805152582011586 0 0.0016776323318481445 0.7660552497664803 -0.29726377390990744 0.1681328211219519 86.85493383797397 -77.86722921704177 -52.39290036219186
62 620 0.025616381041018318 0 0.001669466495513916 0.7664857156876674 -0.29714352836974967 0.16795233267599813 86.9010842850602 -77.85647205557493 -52.3616766843411
63 630 0.024915173530407474 0 0.0016796588897705078 0.7663849102570387 -0.2970581400517984 0.1679138286226729 86.95038254105873 -77.93968479487735 -52.3406111845901
64 640 0.02190427549144728 0 0.0016801953315734863 0.7660602844918855 -0.2969662562116185 0.16779730249908237 86.81986650517361 -77.92426592488896 -52.32352734650948
65 650 0.01953441995855589 0 0.0016598701477050781 0.7662486638881528 -0.29729662247540745 0.1677209045837654 86.87811843745546 -77.88784708481535 -52.308533663637
66 660 0.01707500147586789 0 0.0016596317291259766 0.7662017281105759 -0.29734866238119434 0.16812268626105764 86.8038409319727 -77.81050101247294 -52.37911819486838
67 670 0.01711225297758532 0 0.0016637444496154785 0.7660364325690036 -0.29719891579030433 0.16786703804865896 86.77291794629727 -77.86290965274965 -52.337736738374495
68 680 0.01609688969202026 0 0.001668095588684082 0.7661201597762715 -0.2973245908041451 0.16787210239610564 86.79669160728203 -77.8521071446897 -52.34318663903682
69 690 0.015002873940911295 0 0.0016379356384277344 0.7661805184660055 -0.29711503347578067 0.16795457798561506 86.862204456479 -77.88712238039065 -52.349435476351495
70 700 0.012776755012194241 0 0.0016423463821411133 0.7661593964139618 -0.2972302684320661 0.16799805867914316 86.79026053080052 -77.81441571393391 -52.35253353289966
71 710 0.0106766026830218 0 0.0016433000564575195 0.7661423158543378 -0.2972453318709607 0.16810683326376788 86.83528788945404 -77.85535388106484 -52.38000672190278
72 720 0.008988010739215655 0 0.0016403794288635254 0.7662920220325149 -0.297234146752443 0.16796809208748292 86.82418289474383 -77.82159424248276 -52.34934035995957
73 730 0.009334716320312743 0 0.0016380548477172852 0.766137510596136 -0.2971474207416427 0.16797196025507932 86.86126319298329 -77.90480905314497 -52.35958744610778
74 740 0.009095134465616515 0 0.0016367435455322266 0.7662276172375806 -0.29717489393382596 0.16789351528508062 86.84429855251877 -77.87125495621979 -52.33885336444251
75 750 0.0080989202620328 0 0.0016368627548217773 0.7661489163499118 -0.29719377026000704 0.16800145174205666 86.85022173632517 -77.88707056350289 -52.362559877647776
76 760 0.007060856536030471 0 0.0016358494758605957 0.7662250364179275 -0.2971619497149929 0.16794982669875663 86.87356251207932 -77.89431850815683 -52.35450069215913
77 770 0.006490781475884983 0 0.0016364455223083496 0.766268204609685 -0.2972360596101139 0.1679237952608136 86.86028650371331 -77.86544590570443 -52.3467743634253
78 780 0.006230235189668395 0 0.0016366839408874512 0.7662115760817864 -0.2971782075668012 0.16798861556352762 86.89356100822712 -77.90435367850493 -52.362700207322426
79 790 0.005701946440882624 0 0.0016342401504516602 0.7662130757796639 -0.2971954145084977 0.16795089291115775 86.86517273462333 -77.88184076854374 -52.35223699644286
80 800 0.005412641035382976 0 0.0016347169876098633 0.7662180903674293 -0.2971706555623827 0.16796583369517581 86.87591323126745 -77.88889834659399 -52.35742905364008
80 800 0.005412641035382976 0 0.0016347169876098633 0.7662180903674293 -0.2971706555623827 0.16796583369517581 86.87591323126745 -77.88889834659399 -52.35742905364008
