% # columns="iteration, evaluation, min max(neg(.)) min(pos(.)) max correlation, correlation matrix principal axes lengths  (sorted square roots of eigenvalues of correlation matrix)", seed=3, Sat Feb 21 18:02:07 2026
1 15 -0.17374761643397957 -0.05029173269223915 0.03301604217027005 0.10317331258288338 0.8946364471573441 0.9334865056149537 0.9768002349830476 0.9874868454210852 1.0596928060018802 1.1296064620998356
2 30 -0.17374761643397957 -0.05029173269223915 0.03301604217027005 0.10317331258288338 0.8946364471573441 0.9334865056149537 0.9768002349830476 0.9874868454210852 1.0596928060018802 1.1296064620998356
3 45 -0.17374761643397957 -0.05029173269223915 0.03301604217027005 0.10317331258288338 0.8946364471573441 0.9334865056149537 0.9768002349830476 0.9874868454210852 1.0596928060018802 1.1296064620998356
4 60 -0.17374761643397957 -0.05029173269223915 0.03301604217027005 0.10317331258288338 0.8946364471573441 0.9334865056149537 0.9768002349830476 0.9874868454210852 1.0596928060018802 1.1296064620998356
5 75 -0.17374761643397957 -0.05029173269223915 0.03301604217027005 0.10317331258288338 0.8946364471573441 0.9334865056149537 0.9768002349830476 0.9874868454210852 1.0596928060018802 1.1296064620998356
6 90 -0.17374761643397957 -0.05029173269223915 0.03301604217027005 0.10317331258288338 0.8946364471573441 0.9334865056149537 0.9768002349830476 0.9874868454210852 1.0596928060018802 1.1296064620998356
7 105 -0.43055332322294476 -0.20471306578464188 0.2643537339575171 0.48666601936656295 0.6691363920468246 0.6838415623764061 0.8093412023048069 1.0148217015630137 1.0741267353141115 1.4986569638103187
8 120 -0.43055332322294476 -0.20471306578464188 0.2643537339575171 0.48666601936656295 0.6691363920468246 0.6838415623764061 0.8093412023048069 1.0148217015630137 1.0741267353141115 1.4986569638103187
9 135 -0.43055332322294476 -0.20471306578464188 0.2643537339575171 0.48666601936656295 0.6691363920468246 0.6838415623764061 0.8093412023048069 1.0148217015630137 1.0741267353141115 1.4986569638103187
10 150 -0.43055332322294476 -0.20471306578464188 0.2643537339575171 0.48666601936656295 0.6691363920468246 0.6838415623764061 0.8093412023048069 1.0148217015630137 1.0741267353141115 1.4986569638103187
11 165 -0.43055332322294476 -0.20471306578464188 0.2643537339575171 0.48666601936656295 0.6691363920468246 0.6838415623764061 0.8093412023048069 1.0148217015630137 1.0741267353141115 1.4986569638103187
12 180 -0.43055332322294476 -0.20471306578464188 0.2643537339575171 0.48666601936656295 0.6691363920468246 0.6838415623764061 0.8093412023048069 1.0148217015630137 1.0741267353141115 1.4986569638103187
13 195 -0.8109199436640846 -0.2795202059853302 0.5212354479755775 0.7614159239659882 0.315091271330355 0.4837859410670947 0.549716125609232 0.8730139903796991 1.2055107539284928 1.7745622643250625
14 210 -0.8109199436640846 -0.2795202059853302 0.5212354479755775 0.7614159239659882 0.315091271330355 0.4837859410670947 0.549716125609232 0.8730139903796991 1.2055107539284928 1.7745622643250625
15 225 -0.8109199436640846 -0.2795202059853302 0.5212354479755775 0.7614159239659882 0.315091271330355 0.4837859410670947 0.549716125609232 0.8730139903796991 1.2055107539284928 1.7745622643250625
16 240 -0.8109199436640846 -0.2795202059853302 0.5212354479755775 0.7614159239659882 0.315091271330355 0.4837859410670947 0.549716125609232 0.8730139903796991 1.2055107539284928 1.7745622643250625
17 255 -0.8109199436640846 -0.2795202059853302 0.5212354479755775 0.7614159239659882 0.315091271330355 0.4837859410670947 0.549716125609232 0.8730139903796991 1.2055107539284928 1.7745622643250625
18 270 -0.8109199436640846 -0.2795202059853302 0.5212354479755775 0.7614159239659882 0.315091271330355 0.4837859410670947 0.549716125609232 0.8730139903796991 1.2055107539284928 1.7745622643250625
19 285 -0.9548594914459068 -0.15858755488531723 0.2783476795260479 0.8452139142082898 0.15753408383049627 0.35726606788197346 0.46785678615829585 0.9711983539606615 1.307845833994857 1.724809273103513
20 300 -0.9548594914459068 -0.15858755488531723 0.2783476795260479 0.8452139142082898 0.15753408383049627 0.35726606788197346 0.46785678615829585 0.9711983539606615 1.307845833994857 1.724809273103513
21 315 -0.9548594914459068 -0.15858755488531723 0.2783476795260479 0.8452139142082898 0.15753408383049627 0.35726606788197346 0.46785678615829585 0.9711983539606615 1.307845833994857 1.724809273103513
22 330 -0.9548594914459068 -0.15858755488531723 0.2783476795260479 0.8452139142082898 0.15753408383049627 0.35726606788197346 0.46785678615829585 0.9711983539606615 1.307845833994857 1.724809273103513
23 345 -0.9548594914459068 -0.15858755488531723 0.2783476795260479 0.8452139142082898 0.15753408383049627 0.35726606788197346 0.46785678615829585 0.9711983539606615 1.307845833994857 1.724809273103513
24 360 -0.9548594914459068 -0.15858755488531723 0.2783476795260479 0.8452139142082898 0.15753408383049627 0.35726606788197346 0.46785678615829585 0.9711983539606615 1.307845833994857 1.724809273103513
25 375 -0.9758445561724494 -0.10347624514222119 0.2599479928685557 0.9256088515325499 0.09782880266184871 0.22835275231261806 0.3257979587071454 0.9666892473843648 1.3543390552447383 1.7502622256146358
26 390 -0.9758445561724494 -0.10347624514222119 0.2599479928685557 0.9256088515325499 0.09782880266184871 0.22835275231261806 0.3257979587071454 0.9666892473843648 1.3543390552447383 1.7502622256146358
27 405 -0.9758445561724494 -0.10347624514222119 0.2599479928685557 0.9256088515325499 0.09782880266184871 0.22835275231261806 0.3257979587071454 0.9666892473843648 1.3543390552447383 1.7502622256146358
28 420 -0.9758445561724494 -0.10347624514222119 0.2599479928685557 0.9256088515325499 0.09782880266184871 0.22835275231261806 0.3257979587071454 0.9666892473843648 1.3543390552447383 1.7502622256146358
29 435 -0.9758445561724494 -0.10347624514222119 0.2599479928685557 0.9256088515325499 0.09782880266184871 0.22835275231261806 0.3257979587071454 0.9666892473843648 1.3543390552447383 1.7502622256146358
30 450 -0.9758445561724494 -0.10347624514222119 0.2599479928685557 0.9256088515325499 0.09782880266184871 0.22835275231261806 0.3257979587071454 0.9666892473843648 1.3543390552447383 1.7502622256146358
31 465 -0.9860673414408292 -0.3599139200511388 0.41942009624236076 0.9704460041181058 0.06103667105439463 0.16294534408822536 0.17607321158939002 0.858188827391586 1.2076384048731028 1.9349012851830367
32 480 -0.9860673414408292 -0.3599139200511388 0.41942009624236076 0.9704460041181058 0.06103667105439463 0.16294534408822536 0.17607321158939002 0.858188827391586 1.2076384048731028 1.9349012851830367
33 495 -0.9860673414408292 -0.3599139200511388 0.41942009624236076 0.9704460041181058 0.06103667105439463 0.16294534408822536 0.17607321158939002 0.858188827391586 1.2076384048731028 1.9349012851830367
34 510 -0.9860673414408292 -0.3599139200511388 0.41942009624236076 0.9704460041181058 0.06103667105439463 0.16294534408822536 0.17607321158939002 0.858188827391586 1.2076384048731028 1.9349012851830367
35 525 -0.9860673414408292 -0.3599139200511388 0.41942009624236076 0.9704460041181058 0.06103667105439463 0.16294534408822536 0.17607321158939002 0.858188827391586 1.2076384048731028 1.9349012851830367
36 540 -0.9860673414408292 -0.3599139200511388 0.41942009624236076 0.9704460041181058 0.06103667105439463 0.16294534408822536 0.17607321158939002 0.858188827391586 1.2076384048731028 1.9349012851830367
37 555 -0.9872577674593173 -0.234978887882178 0.4456674990998641 0.9817204487065916 0.0683674133399835 0.12228069649330466 0.17935291333055722 0.7902226836266937 1.3232168416016343 1.8901987093746984
38 570 -0.9872577674593173 -0.234978887882178 0.4456674990998641 0.9817204487065916 0.0683674133399835 0.12228069649330466 0.17935291333055722 0.7902226836266937 1.3232168416016343 1.8901987093746984
39 585 -0.9872577674593173 -0.234978887882178 0.4456674990998641 0.9817204487065916 0.0683674133399835 0.12228069649330466 0.17935291333055722 0.7902226836266937 1.3232168416016343 1.8901987093746984
40 600 -0.9872577674593173 -0.234978887882178 0.4456674990998641 0.9817204487065916 0.0683674133399835 0.12228069649330466 0.17935291333055722 0.7902226836266937 1.3232168416016343 1.8901987093746984
41 615 -0.9872577674593173 -0.234978887882178 0.4456674990998641 0.9817204487065916 0.0683674133399835 0.12228069649330466 0.17935291333055722 0.7902226836266937 1.3232168416016343 1.8901987093746984
42 630 -0.9872577674593173 -0.234978887882178 0.4456674990998641 0.9817204487065916 0.0683674133399835 0.12228069649330466 0.17935291333055722 0.7902226836266937 1.3232168416016343 1.8901987093746984
43 645 -0.9868169086958054 -0.13062187673721812 0.5025473334904382 0.9860823471777389 0.0710067191350158 0.1221750339363793 0.14603722895171445 0.72723315602572 1.383936034437596 1.874715291462264
44 660 -0.9868169086958054 -0.13062187673721812 0.5025473334904382 0.9860823471777389 0.0710067191350158 0.1221750339363793 0.14603722895171445 0.72723315602572 1.383936034437596 1.874715291462264
45 675 -0.9868169086958054 -0.13062187673721812 0.5025473334904382 0.9860823471777389 0.0710067191350158 0.1221750339363793 0.14603722895171445 0.72723315602572 1.383936034437596 1.874715291462264
46 690 -0.9868169086958054 -0.13062187673721812 0.5025473334904382 0.9860823471777389 0.0710067191350158 0.1221750339363793 0.14603722895171445 0.72723315602572 1.383936034437596 1.874715291462264
47 705 -0.9868169086958054 -0.13062187673721812 0.5025473334904382 0.9860823471777389 0.0710067191350158 0.1221750339363793 0.14603722895171445 0.72723315602572 1.383936034437596 1.874715291462264
48 720 -0.9868169086958054 -0.13062187673721812 0.5025473334904382 0.9860823471777389 0.0710067191350158 0.1221750339363793 0.14603722895171445 0.72723315602572 1.383936034437596 1.874715291462264
49 735 -0.989650894343712 -0.036618185533491526 0.3929576550686489 0.9848257499593692 0.07273865378770572 0.11876227005978132 0.15096957824559887 0.8202917578047918 1.4172937634926261 1.8100311096614274
50 750 -0.989650894343712 -0.036618185533491526 0.3929576550686489 0.9848257499593692 0.07273865378770572 0.11876227005978132 0.15096957824559887 0.8202917578047918 1.4172937634926261 1.8100311096614274
51 765 -0.989650894343712 -0.036618185533491526 0.3929576550686489 0.9848257499593692 0.07273865378770572 0.11876227005978132 0.15096957824559887 0.8202917578047918 1.4172937634926261 1.8100311096614274
52 780 -0.989650894343712 -0.036618185533491526 0.3929576550686489 0.9848257499593692 0.07273865378770572 0.11876227005978132 0.15096957824559887 0.8202917578047918 1.4172937634926261 1.8100311096614274
53 795 -0.989650894343712 -0.036618185533491526 0.3929576550686489 0.9848257499593692 0.07273865378770572 0.11876227005978132 0.15096957824559887 0.8202917578047918 1.4172937634926261 1.8100311096614274
54 810 -0.989650894343712 -0.036618185533491526 0.3929576550686489 0.9848257499593692 0.07273865378770572 0.11876227005978132 0.15096957824559887 0.8202917578047918 1.4172937634926261 1.8100311096614274
55 825 -0.9918380582031294 -0.17285382528116944 0.3637524096620963 0.985009273746142 0.07239704155447632 0.10315496521012982 0.14877335538644393 0.7753820242883862 1.4593426802392913 1.7975221468166005
56 840 -0.9918380582031294 -0.17285382528116944 0.3637524096620963 0.985009273746142 0.07239704155447632 0.10315496521012982 0.14877335538644393 0.7753820242883862 1.4593426802392913 1.7975221468166005
57 855 -0.9918380582031294 -0.17285382528116944 0.3637524096620963 0.985009273746142 0.07239704155447632 0.10315496521012982 0.14877335538644393 0.7753820242883862 1.4593426802392913 1.7975221468166005
58 870 -0.9918380582031294 -0.17285382528116944 0.3637524096620963 0.985009273746142 0.07239704155447632 0.10315496521012982 0.14877335538644393 0.7753820242883862 1.4593426802392913 1.7975221468166005
59 885 -0.9918380582031294 -0.17285382528116944 0.3637524096620963 0.985009273746142 0.07239704155447632 0.10315496521012982 0.14877335538644393 0.7753820242883862 1.4593426802392913 1.7975221468166005
60 900 -0.9918380582031294 -0.17285382528116944 0.3637524096620963 0.985009273746142 0.07239704155447632 0.10315496521012982 0.14877335538644393 0.7753820242883862 1.4593426802392913 1.7975221468166005
60 900 -0.9918380582031294 -0.17285382528116944 0.3637524096620963 0.985009273746142 0.07239704155447632 0.10315496521012982 0.14877335538644393 0.7753820242883862 1.4593426802392913 1.7975221468166005
