% # columns="iteration, evaluation, min max(neg(.)) min(pos(.)) max correlation, correlation matrix principal axes lengths  (sorted square roots of eigenvalues of correlation matrix)", seed=3, Sat Feb 21 18:02:07 2026
1 15 -0.08738268703626174 -0.03197966294600093 0.054634134013315766 0.16620887665881667 0.870010490725135 0.9351317096083904 1.0079330869308751 1.0140374449850107 1.057815316782539 1.0979235582369227
2 30 -0.08018547399124794 -0.02819694568636533 0.0943907772929153 0.2385323872148225 0.870010490725135 0.9351317096083904 1.0079330869308751 1.0140374449850107 1.057815316782539 1.0979235582369227
3 45 -0.10741239622127342 -0.06963056796247961 0.09114463446080426 0.2245162450355092 0.870010490725135 0.9351317096083904 1.0079330869308751 1.0140374449850107 1.057815316782539 1.0979235582369227
4 60 -0.23868016632963895 -0.11855527732419344 0.13788063464474587 0.25424830467618015 0.870010490725135 0.9351317096083904 1.0079330869308751 1.0140374449850107 1.057815316782539 1.0979235582369227
5 75 -0.24536167134926412 -0.11489424628957004 0.17707403173683775 0.30836731671127465 0.870010490725135 0.9351317096083904 1.0079330869308751 1.0140374449850107 1.057815316782539 1.0979235582369227
6 90 -0.3186101867445767 -0.08399551145702219 0.14633511538832927 0.38483727686841784 0.870010490725135 0.9351317096083904 1.0079330869308751 1.0140374449850107 1.057815316782539 1.0979235582369227
7 105 -0.3724406241862934 -0.06572646276723834 0.11419187787327306 0.4061007081705332 0.5569764504629248 0.8049110613231348 0.9049917915021272 1.0478620320427894 1.2210103285464868 1.27828174268786
8 120 -0.47802544022936355 -0.07175599185558278 0.12371406990906339 0.47062257304735755 0.5569764504629248 0.8049110613231348 0.9049917915021272 1.0478620320427894 1.2210103285464868 1.27828174268786
9 135 -0.48047939314823745 -0.09005087924520407 0.2178214376429766 0.5085826373152034 0.5569764504629248 0.8049110613231348 0.9049917915021272 1.0478620320427894 1.2210103285464868 1.27828174268786
10 150 -0.5422163228062128 -0.07053293518100191 0.31730336205355125 0.5853133121197622 0.5569764504629248 0.8049110613231348 0.9049917915021272 1.0478620320427894 1.2210103285464868 1.27828174268786
11 165 -0.6151442339605772 -0.15471294158891963 0.332253517115907 0.6929204990826918 0.5569764504629248 0.8049110613231348 0.9049917915021272 1.0478620320427894 1.2210103285464868 1.27828174268786
12 180 -0.6244168130629478 -0.2225242307824314 0.3596115473124075 0.7240451285548158 0.5569764504629248 0.8049110613231348 0.9049917915021272 1.0478620320427894 1.2210103285464868 1.27828174268786
13 195 -0.6803150246151939 -0.1725545070773941 0.3488617524272874 0.6991029765903441 0.28940069776554855 0.46709453387425054 0.8755092253932835 0.9917705120925224 1.1602305148801246 1.6130126882618123
14 210 -0.7205459252803387 -0.15954232947464486 0.33536940720654373 0.7266086506444587 0.28940069776554855 0.46709453387425054 0.8755092253932835 0.9917705120925224 1.1602305148801246 1.6130126882618123
15 225 -0.7563079223852515 -0.162912627715035 0.3658936849352319 0.7878740973776975 0.28940069776554855 0.46709453387425054 0.8755092253932835 0.9917705120925224 1.1602305148801246 1.6130126882618123
16 240 -0.766670292712043 -0.24321056981278733 0.404322006731746 0.8426443105767041 0.28940069776554855 0.46709453387425054 0.8755092253932835 0.9917705120925224 1.1602305148801246 1.6130126882618123
17 255 -0.8401152142729125 -0.35761677776807177 0.47184752352056963 0.8601549032673752 0.28940069776554855 0.46709453387425054 0.8755092253932835 0.9917705120925224 1.1602305148801246 1.6130126882618123
18 270 -0.8445884307936793 -0.3921412770784977 0.47862424163663475 0.8854041268559084 0.28940069776554855 0.46709453387425054 0.8755092253932835 0.9917705120925224 1.1602305148801246 1.6130126882618123
19 285 -0.867506451681175 -0.3292970220073563 0.4512165041851905 0.8960079249162972 0.15523660559851235 0.329394509926055 0.7819513530562959 0.9028791722866476 1.1260563626383 1.7812240743317598
20 300 -0.8867857016280336 -0.31981527747972266 0.5126068739866906 0.9114963143733518 0.15523660559851235 0.329394509926055 0.7819513530562959 0.9028791722866476 1.1260563626383 1.7812240743317598
21 315 -0.892442885199036 -0.29985925577281136 0.5957648936876789 0.9165652662627557 0.15523660559851235 0.329394509926055 0.7819513530562959 0.9028791722866476 1.1260563626383 1.7812240743317598
22 330 -0.8855091887647396 -0.3293269183367841 0.5215808964463375 0.8947838020705978 0.15523660559851235 0.329394509926055 0.7819513530562959 0.9028791722866476 1.1260563626383 1.7812240743317598
23 345 -0.9123872713347875 -0.38687995497004096 0.5961436906999705 0.916602265251325 0.15523660559851235 0.329394509926055 0.7819513530562959 0.9028791722866476 1.1260563626383 1.7812240743317598
24 360 -0.9171273376869313 -0.3872024745213679 0.6066972506813111 0.9202025442952892 0.15523660559851235 0.329394509926055 0.7819513530562959 0.9028791722866476 1.1260563626383 1.7812240743317598
25 375 -0.9351473057634297 -0.3413199404585157 0.5649402149967977 0.9123297507876446 0.09585308560146662 0.2171902949932649 0.6305951010949105 0.8065590532065804 1.2535439458456188 1.823206090857755
26 390 -0.9354891833420798 -0.3397129227598771 0.5182760982349918 0.9001009063044018 0.09585308560146662 0.2171902949932649 0.6305951010949105 0.8065590532065804 1.2535439458456188 1.823206090857755
27 405 -0.943370360022045 -0.37126261748215184 0.542868986987425 0.9084461674720904 0.09585308560146662 0.2171902949932649 0.6305951010949105 0.8065590532065804 1.2535439458456188 1.823206090857755
28 420 -0.9640504242815869 -0.46844294765245725 0.5994245542597763 0.9189796165558193 0.09585308560146662 0.2171902949932649 0.6305951010949105 0.8065590532065804 1.2535439458456188 1.823206090857755
29 435 -0.971637172813749 -0.5510688205083524 0.625932557027254 0.9090137882834595 0.09585308560146662 0.2171902949932649 0.6305951010949105 0.8065590532065804 1.2535439458456188 1.823206090857755
30 450 -0.9826826011466017 -0.5816872949320135 0.6508197207154511 0.925469969604382 0.09585308560146662 0.2171902949932649 0.6305951010949105 0.8065590532065804 1.2535439458456188 1.823206090857755
31 465 -0.9828029614709229 -0.5826080846290074 0.6866156075006868 0.9099291852544007 0.06088815923460744 0.12591711031176647 0.44064750080305604 0.8238815263494778 1.0102847290396644 2.021586330147956
32 480 -0.9812137314417818 -0.5748843088648097 0.7144940752369966 0.8954507411039824 0.06088815923460744 0.12591711031176647 0.44064750080305604 0.8238815263494778 1.0102847290396644 2.021586330147956
33 495 -0.983040871980054 -0.5659327409285639 0.7069170951108513 0.8952364925516798 0.06088815923460744 0.12591711031176647 0.44064750080305604 0.8238815263494778 1.0102847290396644 2.021586330147956
34 510 -0.9789471837465367 -0.5656424359870822 0.6520870457795607 0.8491313938550415 0.06088815923460744 0.12591711031176647 0.44064750080305604 0.8238815263494778 1.0102847290396644 2.021586330147956
35 525 -0.9798334130215441 -0.5327533302478928 0.6420790224225285 0.8063506198921125 0.06088815923460744 0.12591711031176647 0.44064750080305604 0.8238815263494778 1.0102847290396644 2.021586330147956
36 540 -0.9766740608959444 -0.5358262015483696 0.621300079999306 0.7789389893945429 0.06088815923460744 0.12591711031176647 0.44064750080305604 0.8238815263494778 1.0102847290396644 2.021586330147956
37 555 -0.9776196608055352 -0.5411522047581415 0.6150358645364635 0.7773684778720469 0.06231889731897242 0.14082805942354784 0.4991640747154028 0.8995641112360868 1.030368264008468 1.9637323365290054
38 570 -0.9795994490796248 -0.5394155043857799 0.6267921908866534 0.779638713266293 0.06231889731897242 0.14082805942354784 0.4991640747154028 0.8995641112360868 1.030368264008468 1.9637323365290054
39 585 -0.9795448012736149 -0.5217102834739181 0.586482702941546 0.7365793364874436 0.06231889731897242 0.14082805942354784 0.4991640747154028 0.8995641112360868 1.030368264008468 1.9637323365290054
40 600 -0.9814715309940399 -0.5481517704258332 0.609590991866849 0.7469059170838864 0.06231889731897242 0.14082805942354784 0.4991640747154028 0.8995641112360868 1.030368264008468 1.9637323365290054
41 615 -0.9803249705466215 -0.54094573007258 0.5899845094055627 0.7004835998386106 0.06231889731897242 0.14082805942354784 0.4991640747154028 0.8995641112360868 1.030368264008468 1.9637323365290054
42 630 -0.9822033516719462 -0.4946090425102073 0.5080848563270883 0.7205780356713091 0.06231889731897242 0.14082805942354784 0.4991640747154028 0.8995641112360868 1.030368264008468 1.9637323365290054
43 645 -0.9830739248433442 -0.4685825530459212 0.42053339145070523 0.6632074718646903 0.06631976884985999 0.10935841286925399 0.7944975608307959 0.9248504865556464 1.0603841372712224 1.836478453608886
44 660 -0.9868336815229419 -0.4702652364353244 0.4083834896387975 0.631675620044136 0.06631976884985999 0.10935841286925399 0.7944975608307959 0.9248504865556464 1.0603841372712224 1.836478453608886
45 675 -0.9868976442883148 -0.473537727045422 0.4274107387532665 0.655212308421298 0.06631976884985999 0.10935841286925399 0.7944975608307959 0.9248504865556464 1.0603841372712224 1.836478453608886
46 690 -0.9861903133691076 -0.44956338549224834 0.4433284889305912 0.6919431813883997 0.06631976884985999 0.10935841286925399 0.7944975608307959 0.9248504865556464 1.0603841372712224 1.836478453608886
47 705 -0.9881601302467085 -0.45792742258639396 0.46776037951098093 0.7237196170774681 0.06631976884985999 0.10935841286925399 0.7944975608307959 0.9248504865556464 1.0603841372712224 1.836478453608886
48 720 -0.9865448942676505 -0.4878769042851384 0.5026033179481074 0.7207185503188337 0.06631976884985999 0.10935841286925399 0.7944975608307959 0.9248504865556464 1.0603841372712224 1.836478453608886
49 735 -0.9867556078267321 -0.49834263395804446 0.42657340080522543 0.7028925131475355 0.06835847451969534 0.10664027583717119 0.729810248987867 0.9331574346950225 1.1128627825918653 1.8281371940306546
50 750 -0.9882981637342565 -0.4674019147421948 0.4147556453052846 0.7179308589605513 0.06835847451969534 0.10664027583717119 0.729810248987867 0.9331574346950225 1.1128627825918653 1.8281371940306546
51 765 -0.9888572844149495 -0.47266069264448113 0.40526455051384325 0.7507171613415309 0.06835847451969534 0.10664027583717119 0.729810248987867 0.9331574346950225 1.1128627825918653 1.8281371940306546
52 780 -0.9885520128488795 -0.45228661401074005 0.41108138455045873 0.784944825716235 0.06835847451969534 0.10664027583717119 0.729810248987867 0.9331574346950225 1.1128627825918653 1.8281371940306546
53 795 -0.9863405599393809 -0.3857178616013226 0.3992813304099762 0.7818586447781366 0.06835847451969534 0.10664027583717119 0.729810248987867 0.9331574346950225 1.1128627825918653 1.8281371940306546
54 810 -0.9838930045143348 -0.30958009699564887 0.3469228615264439 0.780940455377975 0.06835847451969534 0.10664027583717119 0.729810248987867 0.9331574346950225 1.1128627825918653 1.8281371940306546
55 825 -0.9828958896569349 -0.30980267806337325 0.3528695870732623 0.7848943411884488 0.06419069797573707 0.10788567389495556 0.7564826684044129 0.9650537850438793 1.2811426821071559 1.6850278419424185
56 840 -0.9800208245864898 -0.24273188765100462 0.3445881082793887 0.7476638475256383 0.06419069797573707 0.10788567389495556 0.7564826684044129 0.9650537850438793 1.2811426821071559 1.6850278419424185
57 855 -0.9838816818034157 -0.3126239402125049 0.37193053240007007 0.7336105171257695 0.06419069797573707 0.10788567389495556 0.7564826684044129 0.9650537850438793 1.2811426821071559 1.6850278419424185
58 870 -0.9832890964276298 -0.3676430054584211 0.3753913966620375 0.7228406507489289 0.06419069797573707 0.10788567389495556 0.7564826684044129 0.9650537850438793 1.2811426821071559 1.6850278419424185
59 885 -0.9791804226936749 -0.31620563743292884 0.3981944680903706 0.723441777579225 0.06419069797573707 0.10788567389495556 0.7564826684044129 0.9650537850438793 1.2811426821071559 1.6850278419424185
60 900 -0.9755548499047787 -0.3641762990542586 0.40884726335786536 0.6603772686061271 0.06419069797573707 0.10788567389495556 0.7564826684044129 0.9650537850438793 1.2811426821071559 1.6850278419424185
60 900 -0.9755548499047787 -0.3641762990542586 0.40884726335786536 0.6603772686061271 0.06419069797573707 0.10788567389495556 0.7564826684044129 0.9650537850438793 1.2811426821071559 1.6850278419424185
