% # columns="iteration, evaluation, sigma, max axis length,  min axis length, all principal axes lengths  (sorted square roots of eigenvalues of C)", seed=3, Sat Feb 21 18:02:07 2026
1 15 0.8553967432552402 1.0000416675347343 1.0 1.0 1.0000083333680556 1.0000166668055563 1.0000250003125026 1.0000333338888951 1.0000416675347343
2 30 0.8117335959642991 1.0979215410773642 0.8661609502246141 0.8661609502246141 0.8935841949309826 0.9797976985956347 1.0203932927950357 1.0369950213617218 1.0979215410773642
3 45 0.7241165731487355 1.1106136642049513 0.7730706977162005 0.7730706977162005 0.8495815368306158 0.9139217930013106 0.9952281663066621 1.052184765524562 1.1106136642049513
4 60 0.6263344514606703 1.0782543286481272 0.7430005905761649 0.7430005905761649 0.7877620149671782 0.8819333364389478 0.9463719774088062 1.0023054555323354 1.0782543286481272
5 75 0.5712247424321525 1.1143854480556252 0.6424706190334862 0.6424706190334862 0.7588006738585504 0.8443324048371116 0.9509085889009578 1.013809775975054 1.1143854480556252
6 90 0.5071125042996948 1.137531708783421 0.5361563339321447 0.5361563339321447 0.7457620717363197 0.8563545378004151 0.9199187103328067 0.9930296450843903 1.137531708783421
7 105 0.4876360640158257 1.1077588553931113 0.5088563142442272 0.5088563142442272 0.7197424524269869 0.7772289412515369 0.8770810226001108 1.0486461713125599 1.1077588553931113
8 120 0.4672582455224324 1.1102657647012566 0.4600124594150475 0.4600124594150475 0.6390709587898026 0.7786237808403084 0.8973738974080722 1.0366683658049982 1.1102657647012566
9 135 0.44282981183705966 1.2513565711388934 0.4004382877149658 0.4004382877149658 0.588496915471546 0.7752545523027928 0.8753685394898266 0.9897069366469322 1.2513565711388934
10 150 0.4978802963114859 1.26002937558615 0.36225894686599364 0.36225894686599364 0.5184830235138808 0.7440424058528986 0.8452466686978927 1.0108504188789451 1.26002937558615
11 165 0.5374452431925371 1.4313329787435525 0.3211648442647914 0.3211648442647914 0.45087875109687786 0.7492964887239493 0.8512531571627866 1.045260174754317 1.4313329787435525
12 180 0.47682056573598786 1.5100388629952162 0.2798263353057024 0.2798263353057024 0.42043089248043325 0.7181443828598411 0.8697286790973775 1.1215820424222451 1.5100388629952162
13 195 0.4347165516254434 1.4869077340603056 0.2402299750093636 0.2402299750093636 0.3988402607326598 0.6987925610456805 0.8506510743435418 1.1100756502195592 1.4869077340603056
14 210 0.4141562553390086 1.3875778190552912 0.23398381733659981 0.23398381733659981 0.3727107735769221 0.6677926312233506 0.8372914852645159 1.066371512166712 1.3875778190552912
15 225 0.39796304852785136 1.398273355030152 0.21701919673597683 0.21701919673597683 0.3537161268771176 0.6406123553589741 0.7877102076703465 1.0369479199500278 1.398273355030152
16 240 0.3970376636866833 1.468471017260341 0.1943962869641652 0.1943962869641652 0.3153568866841503 0.6363190040518342 0.7929755465879014 1.0484140132619824 1.468471017260341
17 255 0.4329276586713378 1.513851332068017 0.18780239246179214 0.18780239246179214 0.3162074775738333 0.5644547884331608 0.7956328820108516 0.9752309089090867 1.513851332068017
18 270 0.43720651599521987 1.650307489408143 0.16970399254500299 0.16970399254500299 0.28392023835889246 0.5585694569200844 0.78245528084412 1.0472195343544344 1.650307489408143
19 285 0.5055504145105925 1.7240086539180481 0.16659233992554395 0.16659233992554395 0.26447624806684156 0.510734712797738 0.7447788563108455 1.0510397195868921 1.7240086539180481
20 300 0.5852757933186552 1.7402159883036137 0.16436390977089035 0.16436390977089035 0.24611081601180237 0.5046018694979534 0.77301653978175 1.0944069566635317 1.7402159883036137
21 315 0.6510720256453415 1.8893818413838683 0.1562736753841373 0.1562736753841373 0.22884356957752758 0.478792479674899 0.7621255439217401 1.095831244966352 1.8893818413838683
22 330 0.7534252019267842 2.052594379106655 0.14221067102152182 0.14221067102152182 0.22195631102483507 0.446708415121755 0.7322490929936328 1.143851750461188 2.052594379106655
23 345 0.8438099434437777 1.9577329687453404 0.12501734904771963 0.12501734904771963 0.21074175110934584 0.43473407361847194 0.7471754203880029 1.3029203049188327 1.9577329687453404
24 360 0.8013447691453188 2.1798264799636162 0.11849776587421407 0.11849776587421407 0.19652385177101256 0.4250459685696545 0.7299923756475996 1.3039394541263354 2.1798264799636162
25 375 0.6964252742995264 2.1704409280773262 0.11781804222847049 0.11781804222847049 0.17579136301528164 0.4206984500930473 0.7327127422319029 1.257494756130827 2.1704409280773262
26 390 0.5753630733976514 2.0326854004866024 0.1162818886860189 0.1162818886860189 0.14924398533180538 0.4008484329787167 0.7333082252467459 1.2785459251078066 2.0326854004866024
27 405 0.5670890320213525 1.8247983838533501 0.10999229858860914 0.10999229858860914 0.14517273106098985 0.3990287982947383 0.7166267569045902 1.259297629682933 1.8247983838533501
28 420 0.6481030592324586 1.882523591458262 0.09173084842528088 0.09173084842528088 0.14174053744877257 0.3789713117386345 0.748750902618391 1.2564588676183364 1.882523591458262
29 435 0.7117411358064413 2.071977696663583 0.08228033721974554 0.08228033721974554 0.13193439359464487 0.3632554593545365 0.7706976636086208 1.2261398481045702 2.071977696663583
30 450 0.7123973630627948 2.1076996643626935 0.07270980732927076 0.07270980732927076 0.13143699043127985 0.33772880982287956 0.8219481764744109 1.2115692766081425 2.1076996643626935
31 465 0.713266258962948 2.2130612649666865 0.07149057704589859 0.07149057704589859 0.10753260068701372 0.3330478577025158 0.8352292711781443 1.1447236806621448 2.2130612649666865
32 480 0.694845938594359 2.162351803476323 0.06766082733238105 0.06766082733238105 0.10771504286308085 0.3027091135710328 0.8464570514734208 1.0988853400334273 2.162351803476323
33 495 0.7548625210099691 2.1781709803564753 0.06360240244375048 0.06360240244375048 0.10695285276352283 0.2652374905770137 0.83405699723841 1.0992604669393249 2.1781709803564753
34 510 0.7510345383073438 2.1736192203806453 0.06517156248137981 0.06517156248137981 0.09750895849169396 0.25955156469472446 0.8236109634912404 1.0766346336755845 2.1736192203806453
35 525 0.812905312051396 1.9634074795208771 0.062078717759130306 0.062078717759130306 0.09761496239493221 0.2524077658799 0.8153063161325175 1.029009436835002 1.9634074795208771
36 540 0.8932997208549545 1.8765834751248405 0.061312020244592154 0.061312020244592154 0.09319674820438868 0.23416204396972198 0.7864635068352154 1.096390192178588 1.8765834751248405
37 555 0.8531839368567391 1.9276875185122824 0.05928221824823879 0.05928221824823879 0.08952544444150934 0.22744852414123753 0.7302336265867796 1.1048273466660665 1.9276875185122824
38 570 0.7884395730590186 1.8083188362006652 0.05865679137238342 0.05865679137238342 0.0812854166407703 0.23306925538725595 0.6913072933206668 1.0969088840855892 1.8083188362006652
39 585 0.7789478377350777 1.72235408784251 0.05756108810503904 0.05756108810503904 0.07455844259082198 0.23246704758400677 0.6495294835781793 1.0510518537034008 1.72235408784251
40 600 0.6813334379573912 1.6389564857204149 0.053639030736416564 0.053639030736416564 0.06954740643418576 0.24937325935431243 0.6242408955419414 1.0298073376768468 1.6389564857204149
41 615 0.5589023915390477 1.5962174777823275 0.051043753433214475 0.051043753433214475 0.06224652727246236 0.24501911266125873 0.5947604093655414 1.0132429000934509 1.5962174777823275
42 630 0.5302571879857791 1.4766504803974496 0.0519046355359616 0.0519046355359616 0.06043044836951633 0.24133974370237654 0.5526282225631519 0.9349516455515526 1.4766504803974496
43 645 0.5638733541808848 1.4912200152810275 0.04963639827462548 0.04963639827462548 0.055381750203472836 0.2567387562788676 0.5703293230432942 0.8413523084234273 1.4912200152810275
44 660 0.4728223438918302 1.5308347717434065 0.0470824646620766 0.0470824646620766 0.052003966106784934 0.2573964254292039 0.5670571786193903 0.8460657532164777 1.5308347717434065
45 675 0.46675122085262016 1.5000311682534608 0.045466263893576664 0.045466263893576664 0.046224942538298744 0.24552852391408359 0.5666349093799338 0.8415314805444534 1.5000311682534608
46 690 0.48599751302078587 1.4931510349155714 0.042782903580836196 0.042782903580836196 0.04738906418076578 0.2369975409835859 0.5647284549208136 0.8011329925322275 1.4931510349155714
47 705 0.4336541655963348 1.3705854512846785 0.04228923822389343 0.04228923822389343 0.04689052715443176 0.21877183204641099 0.5640511263570629 0.850148612776886 1.3705854512846785
48 720 0.39727595552852624 1.3334283888382579 0.03967276125798947 0.03967276125798947 0.04574338344025926 0.19856091721231264 0.5549835149635172 0.8114781048852294 1.3334283888382579
49 735 0.35191763660404785 1.317529766291076 0.040281445160340164 0.040281445160340164 0.045105614167304436 0.1839657688129963 0.506432407583339 0.8123394548302705 1.317529766291076
50 750 0.314987037105168 1.2818720949909281 0.038802259257707694 0.038802259257707694 0.04387955651813259 0.1907638263624596 0.4785888052432879 0.7408810418070522 1.2818720949909281
51 765 0.26834045924396505 1.247083180075966 0.03494322962166499 0.03494322962166499 0.04166382345613727 0.17425027451799116 0.4941129139320693 0.7207882962471852 1.247083180075966
52 780 0.2687469290103418 1.2367282186428277 0.03053868153265363 0.03053868153265363 0.04292428278222965 0.17188187352702394 0.4624273722367004 0.6579954306782216 1.2367282186428277
53 795 0.2301779732810255 1.1653941844266216 0.029747851781609373 0.029747851781609373 0.042743014375718355 0.1568106232323753 0.4670116859974766 0.6657249234589764 1.1653941844266216
54 810 0.20156048327717457 1.1308850232285417 0.029521876290480937 0.029521876290480937 0.03950484029844384 0.1519418470064533 0.4447285880215771 0.6610755465395236 1.1308850232285417
55 825 0.16495505764575064 1.0529824529796716 0.03138349620034376 0.03138349620034376 0.03451902755854639 0.14830802708905605 0.43111204722774255 0.6679020963110682 1.0529824529796716
56 840 0.15077273678807124 0.9568834457501294 0.029592388845508657 0.029592388845508657 0.03448531895827269 0.14162773558538513 0.4157401869483741 0.6309625339121163 0.9568834457501294
57 855 0.13695117767913906 0.8892151910140644 0.029991685151519055 0.029991685151519055 0.031226162528917478 0.14019702124161515 0.3918098506617434 0.6440547970912278 0.8892151910140644
58 870 0.11280910200108162 0.8925900247321568 0.02919336189878544 0.02919336189878544 0.030207441355002338 0.13127399519421543 0.38584807784495195 0.6400478680438119 0.8925900247321568
59 885 0.10687295963177007 0.8786465294585665 0.026431995028311145 0.026431995028311145 0.029849697563465467 0.12729495098820195 0.35878372873107267 0.6425350212589404 0.8786465294585665
60 900 0.10442863250960868 0.8143431191270216 0.02752174764786562 0.02752174764786562 0.029884844186291087 0.11918378535044075 0.3303245917195117 0.6391251641598498 0.8143431191270216
60 900 0.10442863250960868 0.8143431191270216 0.02752174764786562 0.02752174764786562 0.029884844186291087 0.11918378535044075 0.3303245917195117 0.6391251641598498 0.8143431191270216
