% # columns="iteration, evaluation, void, void, void, xmean", seed=3, Sat Feb 21 18:02:07 2026, <python>{}</python> # scaling_of_variables: 1, typical_x: 0
1 15 0 0 0 -0.09119206558116151 -0.06481131799416763 -0.1570184213080886 -16.454341443692137 -4.2213104628335385 12.95422883969286
2 30 0 0 0 -0.10072868694414479 -0.07708669461798495 -0.18134294687869187 -16.953639787142194 -3.3222272190893207 11.042654988278766
3 45 0 0 0 -0.10250731985255579 -0.08433675411849106 -0.16944725112929912 -16.212107565436245 -1.8248024657523378 10.405808585257015
4 60 0 0 0 -0.09991060380459045 -0.086725844335305 -0.1775438722288559 -16.662556568352326 -1.5550452946867475 9.483773161067473
5 75 0 0 0 -0.0823379493262922 -0.06663514253594804 -0.16486293098052035 -15.759761291307724 -1.0613621622941263 9.343931749193102
6 90 0 0 0 -0.08622830348226 -0.07179904746884831 -0.1720406261418898 -15.973274008442012 0.3832772104909034 8.67587288355396
7 105 0 0 0 -0.08580903664520194 -0.06961957237521006 -0.1570740687183438 -14.807972120688591 0.1801123482219177 7.734950233883822
8 120 0 0 0 -0.08748203092801855 -0.0760862314072131 -0.15766635902398118 -15.429769787815816 1.5743118389593695 6.376593887480859
9 135 0 0 0 -0.07691078316787367 -0.06833156888016978 -0.15687138193099842 -14.942921646281624 2.4713638066703276 6.045320238925205
10 150 0 0 0 -0.06637785424687961 -0.0656591654062274 -0.1479826583840504 -14.209322593542586 4.692112754501121 4.580901484861745
11 165 0 0 0 -0.05791487038758824 -0.06729791465254895 -0.13641971872703726 -12.930573958027548 4.433053235636702 3.2945662971798355
12 180 0 0 0 -0.059174538347651066 -0.06639629531654052 -0.14011842799497407 -12.652855918830808 3.218796792233688 3.829289656132487
13 195 0 0 0 -0.06056246455522555 -0.0771864189139196 -0.13583594853930148 -13.01427629524056 3.269197510981114 3.883423190472207
14 210 0 0 0 -0.049628353291104044 -0.07321741903790482 -0.1344154195477202 -12.117223842278944 3.8437228971568986 4.090010801704701
15 225 0 0 0 -0.043944132289167714 -0.07268246722634959 -0.13330117597556765 -11.19788874794957 4.6476386198369415 3.7326285813862627
16 240 0 0 0 -0.03549509711735831 -0.07230700287883352 -0.1311635560392508 -10.214225238750265 4.881290755810573 2.7447677891951185
17 255 0 0 0 -0.025458400177404604 -0.06578317450747517 -0.12287330598712709 -8.501624938782578 4.535364433809639 1.681762799462059
18 270 0 0 0 -0.016059832155489936 -0.06122000186672137 -0.12043808484859082 -7.349225564805039 4.935492701344572 1.8906419136032004
19 285 0 0 0 -0.00576510103497724 -0.05988141818900384 -0.1269005410668354 -5.3320246190777825 4.411493936314931 2.3962150730591496
20 300 0 0 0 0.010242671200563581 -0.05345371820681933 -0.11516615717708865 -2.5060866947898597 3.3037985343767677 0.8466020500397227
21 315 0 0 0 0.014122105042287749 -0.04831179375356365 -0.1155630333891254 -0.8571812497233164 1.0540727181985918 1.3167161279103203
22 330 0 0 0 0.018876603908244312 -0.042337301300286984 -0.118083479826432 1.431341704370674 -2.062861642044507 2.4445310030930756
23 345 0 0 0 0.04564848721748524 -0.03338968482074639 -0.09685849457255315 6.181364036263403 -2.7243530266815026 -1.1184042969925694
24 360 0 0 0 0.053205706188605144 -0.038379989380710744 -0.09165155933111814 6.936109816338902 -1.4754542583003483 -1.5539659424698586
25 375 0 0 0 0.022554128623533006 -0.04247499967979709 -0.09828328445633658 2.9080787702180837 -2.556457868064208 -0.329284241987125
26 390 0 0 0 0.03140770681376165 -0.03938158637987231 -0.09749394991901698 4.646347273258275 -3.344764951536088 -0.6796052661141994
27 405 0 0 0 0.03859825374118654 -0.02780260003789131 -0.08687592571254228 6.214442745418473 -4.10333037283581 -2.444480454754349
28 420 0 0 0 0.06006557922026365 -0.014563141895936247 -0.07666831910819957 10.148910115688377 -5.206750831141595 -4.5007271333898515
29 435 0 0 0 0.06262908237196914 -0.008734107413813055 -0.0642293775311538 11.677036465676514 -7.370903082702839 -6.109702328026819
30 450 0 0 0 0.07184433339497721 -0.003539462254616335 -0.052836768610126504 12.94678652758194 -7.299638930611521 -7.899652749090079
31 465 0 0 0 0.06750926393324166 0.0028401227034538386 -0.051987878043622565 13.96907620920723 -9.882058267905412 -8.279291913677005
32 480 0 0 0 0.0680427494668516 0.00416355412617142 -0.047861560282806845 15.37907371136154 -12.119905324063591 -8.501498740100525
33 495 0 0 0 0.08107858836003591 0.008692786772578405 -0.05077908196002446 18.55882805482882 -13.398555401298793 -7.9773291618929205
34 510 0 0 0 0.07060115814232115 0.0038752478169803064 -0.05073978104843532 17.816789120584268 -14.436188054290096 -8.107995045679218
35 525 0 0 0 0.06694407352297539 0.006995938846250178 -0.04032508003480551 19.62493203498358 -17.769744026820028 -9.598700296245758
36 540 0 0 0 0.0750523446373817 0.014417373951182026 -0.03644453743947426 23.71322039580809 -21.973772298889347 -10.053783849716298
37 555 0 0 0 0.07532852645564002 0.008580605124043062 -0.03906826721462567 23.17763037446467 -21.242976025697484 -9.888300443993577
38 570 0 0 0 0.06795775231500537 0.006962947765976266 -0.03507090860529818 23.104275518881963 -22.66306302764365 -10.596621672449574
39 585 0 0 0 0.06584473171320974 0.0021227649977821486 -0.036449865167731375 23.98881222552121 -23.867848233764914 -10.101766750625579
40 600 0 0 0 0.07023725868672653 0.004943806738716417 -0.03059984429800641 24.733935696091734 -24.14114608780328 -10.957603172362806
41 615 0 0 0 0.06596695753409916 0.006724241961279727 -0.035040495917408765 24.275651586554375 -24.621930016632614 -10.41115419808271
42 630 0 0 0 0.07202220824953325 0.005646115836824377 -0.03064688083477076 26.406873621085463 -25.99188883278386 -11.092761368174088
43 645 0 0 0 0.07029100393377184 0.0037638540101629374 -0.0258918022492997 27.45040037214033 -27.9187127046686 -11.78007067842627
44 660 0 0 0 0.07169518472048655 0.0036522491304691713 -0.032222492636759324 26.940205027257978 -26.836718198064737 -10.700878285195875
45 675 0 0 0 0.0672201750475793 0.0014626579923208353 -0.031785783976804684 25.38065801357027 -25.95077939969778 -10.756127013162876
46 690 0 0 0 0.05847035588552197 0.0009955209267610008 -0.02992321859909047 24.473938898139963 -26.880502691817323 -11.018056583286352
47 705 0 0 0 0.06237913427421631 0.0015774556180272138 -0.026546658453784754 25.345016692674022 -27.15195312442579 -11.662118749743227
48 720 0 0 0 0.06545304019210514 0.0009709693051344773 -0.03178204503960565 25.93768747653027 -27.07374570478624 -10.84083513946507
49 735 0 0 0 0.06243703860667955 0.0030138424787518915 -0.031979397051185604 24.95312196832034 -26.55860974422535 -10.775917335194833
50 750 0 0 0 0.06096043901882689 0.0028226046862777935 -0.02843221725603941 24.900203579081687 -26.849307828563177 -11.387470067306898
51 765 0 0 0 0.0600837653366079 0.0007879986315252613 -0.0295787505982045 24.76022558853289 -26.804865428372576 -11.163315524985949
52 780 0 0 0 0.05686400773435896 0.001293047153382419 -0.026924414236947438 24.442145314485185 -27.302576809581293 -11.636752268479693
53 795 0 0 0 0.06000495569282507 0.001982152498771321 -0.02897712945548119 24.62358449852349 -26.726917839980146 -11.34445197945077
54 810 0 0 0 0.061432684114745444 0.002270697075345627 -0.028515589863574373 24.735496907298153 -26.54201585471392 -11.393367094585212
55 825 0 0 0 0.06045453062793414 0.002164375804181085 -0.027655866022176737 24.769966868559482 -26.809906234947597 -11.542301411346227
56 840 0 0 0 0.060323038249695426 0.0027379420261781457 -0.027346736911680585 24.838901301620904 -26.990512205084215 -11.63369569089767
57 855 0 0 0 0.05887804803570413 0.0018622149501251832 -0.02766656849430901 24.50094805458547 -26.88708841958982 -11.574334938194047
58 870 0 0 0 0.05880711561881506 0.0022319680059726477 -0.027348996544517893 24.472684679391968 -26.855455534935544 -11.631159088848339
59 885 0 0 0 0.05860253940863812 0.002206454880446896 -0.027408509534834178 24.512443757519794 -26.941285384037077 -11.589410807523944
60 900 0 0 0 0.057867007650253724 0.0015234316541489518 -0.02730168805214604 24.500560261560622 -27.127712305910542 -11.588855059392055
60 900 0 0 0 0.057867007650253724 0.0015234316541489518 -0.02730168805214604 24.500560261560622 -27.127712305910542 -11.588855059392055
