% # columns="iteration, evaluation, min max(neg(.)) min(pos(.)) max correlation, correlation matrix principal axes lengths  (sorted square roots of eigenvalues of correlation matrix)", seed=3, Wed Feb 25 19:42:47 2026
1 10 -0.05358695374026612 0.01774671002838447 0.0559304357767115 0.1605585939084164 0.8921711472447307 0.9363640037513992 0.9779563980761712 1.027920269630738 1.0371844295777397 1.1128714024038548
2 20 -0.06619540328704147 -0.007024270824741245 0.11528041255074561 0.16413828585517803 0.8921711472447307 0.9363640037513992 0.9779563980761712 1.027920269630738 1.0371844295777397 1.1128714024038548
3 30 -0.1269114218061255 -0.04361357441289732 0.11074349203116701 0.1604023864123373 0.8921711472447307 0.9363640037513992 0.9779563980761712 1.027920269630738 1.0371844295777397 1.1128714024038548
4 40 -0.14834771079402506 -0.0499316104345489 0.08712174683961875 0.21149282862009583 0.8921711472447307 0.9363640037513992 0.9779563980761712 1.027920269630738 1.0371844295777397 1.1128714024038548
5 50 -0.22390285953746325 -0.12030269019632521 0.10787739712527698 0.3255941322796152 0.8921711472447307 0.9363640037513992 0.9779563980761712 1.027920269630738 1.0371844295777397 1.1128714024038548
6 60 -0.16861307019535382 -0.12465386628375363 0.10839038410012142 0.3597145429821236 0.8921711472447307 0.9363640037513992 0.9779563980761712 1.027920269630738 1.0371844295777397 1.1128714024038548
7 70 -0.22606962299288152 -0.16535872422594597 0.11554477084428402 0.29267465463613707 0.7728409878893271 0.8563665683731664 0.9061125844845676 0.9797716604338375 1.1331914166477182 1.2665850934289302
8 80 -0.30685639304235 -0.1817281666788462 0.16687547314185616 0.29417304404746003 0.7728409878893271 0.8563665683731664 0.9061125844845676 0.9797716604338375 1.1331914166477182 1.2665850934289302
9 90 -0.2626384132099392 -0.16313360196460158 0.1377588838772783 0.386674821730619 0.7728409878893271 0.8563665683731664 0.9061125844845676 0.9797716604338375 1.1331914166477182 1.2665850934289302
10 100 -0.3485814627911311 -0.1962812663341763 0.18964863237048815 0.4156949323094763 0.7728409878893271 0.8563665683731664 0.9061125844845676 0.9797716604338375 1.1331914166477182 1.2665850934289302
11 110 -0.43358184963680196 -0.2039788935530568 0.20229046011590462 0.491707580107298 0.7728409878893271 0.8563665683731664 0.9061125844845676 0.9797716604338375 1.1331914166477182 1.2665850934289302
12 120 -0.4412099592691709 -0.23366844145367477 0.27622931927953576 0.5540935038456338 0.7728409878893271 0.8563665683731664 0.9061125844845676 0.9797716604338375 1.1331914166477182 1.2665850934289302
13 130 -0.46209119493672823 -0.2684656205434695 0.27221260463060065 0.6117060945333321 0.5352499861931052 0.6908931477899695 0.7844711370852465 0.966310545754136 1.079819886416988 1.5877695323188676
14 140 -0.5278140136773812 -0.26028086816725915 0.27379727672929544 0.6238899838143982 0.5352499861931052 0.6908931477899695 0.7844711370852465 0.966310545754136 1.079819886416988 1.5877695323188676
15 150 -0.5322417966688333 -0.2743468924149355 0.27441773223029287 0.5905791449030757 0.5352499861931052 0.6908931477899695 0.7844711370852465 0.966310545754136 1.079819886416988 1.5877695323188676
16 160 -0.5086803973210648 -0.31683570356837165 0.25371353769100047 0.5910996537888623 0.5352499861931052 0.6908931477899695 0.7844711370852465 0.966310545754136 1.079819886416988 1.5877695323188676
17 170 -0.5366252158927001 -0.29629385333868463 0.27046460470795775 0.5816168245831793 0.5352499861931052 0.6908931477899695 0.7844711370852465 0.966310545754136 1.079819886416988 1.5877695323188676
18 180 -0.6085114961450742 -0.3467684480602786 0.33448987466395885 0.5847661194970434 0.5352499861931052 0.6908931477899695 0.7844711370852465 0.966310545754136 1.079819886416988 1.5877695323188676
19 190 -0.566693400566509 -0.3663698007070493 0.2962516661553389 0.581695658081888 0.3664007460626896 0.5910759497168905 0.7720095020610448 1.0301628495325985 1.121949910265867 1.6125675012152914
20 200 -0.5215475871653864 -0.3881678902356694 0.2896702989937896 0.5429697673244434 0.3664007460626896 0.5910759497168905 0.7720095020610448 1.0301628495325985 1.121949910265867 1.6125675012152914
21 210 -0.5117954037760771 -0.4133097998328797 0.3132953819221863 0.5341265416411679 0.3664007460626896 0.5910759497168905 0.7720095020610448 1.0301628495325985 1.121949910265867 1.6125675012152914
22 220 -0.5455250874251157 -0.42364529061899425 0.3399552051275406 0.4929067876606254 0.3664007460626896 0.5910759497168905 0.7720095020610448 1.0301628495325985 1.121949910265867 1.6125675012152914
23 230 -0.5975015739053742 -0.4345756865727307 0.36164196154040207 0.4220822888631341 0.3664007460626896 0.5910759497168905 0.7720095020610448 1.0301628495325985 1.121949910265867 1.6125675012152914
24 240 -0.6049688337497611 -0.4099773834696676 0.3262749338155245 0.3944083138000212 0.3664007460626896 0.5910759497168905 0.7720095020610448 1.0301628495325985 1.121949910265867 1.6125675012152914
25 250 -0.6491784104302911 -0.33716905229822314 0.31898438351951774 0.43999056045168167 0.283635363556912 0.5563092200900761 0.8288264472931096 0.9357967409007467 1.28897613090498 1.5446497163198392
26 260 -0.6798677030019984 -0.3546301069726172 0.3779053615224111 0.4348883143843846 0.283635363556912 0.5563092200900761 0.8288264472931096 0.9357967409007467 1.28897613090498 1.5446497163198392
27 270 -0.7070602913088461 -0.3270555704299446 0.3566052042683535 0.4474086886635699 0.283635363556912 0.5563092200900761 0.8288264472931096 0.9357967409007467 1.28897613090498 1.5446497163198392
28 280 -0.7302898761108177 -0.3295815960939066 0.35101115073010986 0.4375596264346887 0.283635363556912 0.5563092200900761 0.8288264472931096 0.9357967409007467 1.28897613090498 1.5446497163198392
29 290 -0.7322759455442399 -0.30774996497902524 0.3450535617859316 0.4811894044719643 0.283635363556912 0.5563092200900761 0.8288264472931096 0.9357967409007467 1.28897613090498 1.5446497163198392
30 300 -0.7372984373349757 -0.25029054740327134 0.3607916089952633 0.4522016636849947 0.283635363556912 0.5563092200900761 0.8288264472931096 0.9357967409007467 1.28897613090498 1.5446497163198392
31 310 -0.7478838164094375 -0.2503420726741022 0.35742539088451014 0.4601675936845046 0.2787573920718597 0.5388362268090314 0.723217298449175 0.9278535953524851 1.3770801102398953 1.533507304136672
32 320 -0.7926957671707565 -0.28405139617980774 0.39390454236454375 0.4783032709130036 0.2787573920718597 0.5388362268090314 0.723217298449175 0.9278535953524851 1.3770801102398953 1.533507304136672
33 330 -0.7990671315198686 -0.3107585219225433 0.35018504044021925 0.5475156800914143 0.2787573920718597 0.5388362268090314 0.723217298449175 0.9278535953524851 1.3770801102398953 1.533507304136672
34 340 -0.8328743033629311 -0.2884569993647188 0.3697963230429474 0.5447711474056566 0.2787573920718597 0.5388362268090314 0.723217298449175 0.9278535953524851 1.3770801102398953 1.533507304136672
35 350 -0.8461538975215895 -0.3333882344203135 0.3803718184919127 0.5645924302069676 0.2787573920718597 0.5388362268090314 0.723217298449175 0.9278535953524851 1.3770801102398953 1.533507304136672
36 360 -0.8438886851554043 -0.34690651890038315 0.31210389392417415 0.5999479185657314 0.2787573920718597 0.5388362268090314 0.723217298449175 0.9278535953524851 1.3770801102398953 1.533507304136672
37 370 -0.8892322745191867 -0.36074788113803546 0.2885543344419425 0.644917467744643 0.24037782032507957 0.36800078213913123 0.6903762751664044 0.9498697003355642 1.2973207261754827 1.656768243402818
38 380 -0.8917560564271776 -0.38099722048924217 0.3058977902792003 0.6790797859535508 0.24037782032507957 0.36800078213913123 0.6903762751664044 0.9498697003355642 1.2973207261754827 1.656768243402818
39 390 -0.9090542310774987 -0.47100945534611294 0.4139005419693541 0.7492064987388728 0.24037782032507957 0.36800078213913123 0.6903762751664044 0.9498697003355642 1.2973207261754827 1.656768243402818
40 400 -0.91701197026061 -0.4385573958900987 0.38655370270859124 0.739744215309896 0.24037782032507957 0.36800078213913123 0.6903762751664044 0.9498697003355642 1.2973207261754827 1.656768243402818
41 410 -0.9199687876092181 -0.4640476847767583 0.3297175326195411 0.7230299787381737 0.24037782032507957 0.36800078213913123 0.6903762751664044 0.9498697003355642 1.2973207261754827 1.656768243402818
42 420 -0.9386715781730361 -0.5033569050611009 0.29920246653880317 0.7611993875636521 0.24037782032507957 0.36800078213913123 0.6903762751664044 0.9498697003355642 1.2973207261754827 1.656768243402818
43 430 -0.9510024193510793 -0.49045358133497946 0.2126399573612939 0.746583484402982 0.16793541551233235 0.25766974500218737 0.5903277431158651 0.9677851111130623 1.1554334661679029 1.812534865430743
44 440 -0.9513262846454832 -0.4819305650269495 0.177823056914016 0.7624904667469313 0.16793541551233235 0.25766974500218737 0.5903277431158651 0.9677851111130623 1.1554334661679029 1.812534865430743
45 450 -0.9482422235613601 -0.5213381187733941 0.15829608352221686 0.7962073233457216 0.16793541551233235 0.25766974500218737 0.5903277431158651 0.9677851111130623 1.1554334661679029 1.812534865430743
46 460 -0.9532270736424272 -0.5101884899158128 0.18944117001800853 0.797499302097394 0.16793541551233235 0.25766974500218737 0.5903277431158651 0.9677851111130623 1.1554334661679029 1.812534865430743
47 470 -0.9561438931807146 -0.48504089689144947 0.146993756568654 0.7811834211429354 0.16793541551233235 0.25766974500218737 0.5903277431158651 0.9677851111130623 1.1554334661679029 1.812534865430743
48 480 -0.9635138161728757 -0.499189446983101 0.16411784303691263 0.7917517587474645 0.16793541551233235 0.25766974500218737 0.5903277431158651 0.9677851111130623 1.1554334661679029 1.812534865430743
49 490 -0.9663905464898016 -0.507831043258048 0.22618658542307973 0.7734084826645139 0.12436055592978369 0.19808867727954754 0.5905565082890653 0.9406514390728549 1.1313645119275548 1.852492253668283
50 500 -0.9688870832979054 -0.46482418669878756 0.2030302400389418 0.7560256836991206 0.12436055592978369 0.19808867727954754 0.5905565082890653 0.9406514390728549 1.1313645119275548 1.852492253668283
50 500 -0.9688870832979054 -0.46482418669878756 0.2030302400389418 0.7560256836991206 0.12436055592978369 0.19808867727954754 0.5905565082890653 0.9406514390728549 1.1313645119275548 1.852492253668283
