% # columns="iteration, evaluation, sigma, void, void,  stds==sigma*sigma_vec.scaling*sqrt(diag(C))", seed=3, Wed Feb 25 19:42:47 2026, <python>{}</python>
1 10 0.9563206971420013 0 0 0.017627386855890746 0.020064599492007902 0.019019452589772935 9.07599173773008 9.805556512741003 9.591923315832563
2 20 0.9216020065656889 0 0 0.016878797512923274 0.019696200945101387 0.019887151107862076 8.149305656167309 9.018623615842197 9.056686588692756
3 30 0.8851795710386353 0 0 0.01632359321241565 0.018809882923288227 0.017782938169087416 7.779010696939761 8.267589074316462 8.612292194462363
4 40 0.9571673092843596 0 0 0.018238350094022242 0.020017090660632068 0.019813772183499175 7.880815027493353 8.738959814296178 9.49482020891399
5 50 1.208648942227155 0 0 0.023453979689740417 0.026665954463555196 0.02533579502855836 9.627740486642328 11.338939043067567 12.318272866666833
6 60 1.2391289552619766 0 0 0.02249355311175372 0.026871643534855102 0.026542089125070816 9.875291349959873 11.872898600376752 12.063426592804857
7 70 1.1662344785469514 0 0 0.021360339891318997 0.025770244435340334 0.02555484972211575 8.194431315297441 10.990523588833682 11.283942256448558
8 80 1.193900544926498 0 0 0.022269805925654015 0.026076867710026146 0.025478818618010404 8.657301686138041 11.74831945497146 11.107202272091058
9 90 1.130032742923612 0 0 0.021082680146453512 0.02455342115533099 0.026218791836000545 7.55244547516266 11.083605447918789 10.227637447197727
10 100 0.9981458205263536 0 0 0.017891643078366267 0.021221910224832885 0.022789993147804572 7.021835721992403 9.727950236138952 8.88700976051428
11 110 0.9719963643809492 0 0 0.017846395128826607 0.020067699545844923 0.024137015485536345 6.588454212450569 9.468666596723008 8.542836826131344
12 120 0.8342335799157364 0 0 0.015515093191270124 0.017144044515499602 0.020460238584529535 5.601844072999215 8.154866505060184 7.107249897060888
13 130 0.8957280649883436 0 0 0.017181301421740805 0.019498671914040613 0.0239712361503751 6.073070125301397 8.524158458013277 7.401181724610573
14 140 0.8214218693133474 0 0 0.015648473373320815 0.01762498796886728 0.021575360549132703 5.522485539816452 7.7393421088093906 6.764782528785169
15 150 0.8259337296394438 0 0 0.01545811502323923 0.017992430984172043 0.02211002268365775 5.6636497744546626 7.50247442698336 6.659252560761275
16 160 0.8274170914539414 0 0 0.015322157849122872 0.0177870618106396 0.02205488746370864 5.6379468352998625 7.499828484144275 6.242704048440876
17 170 0.7711616198911517 0 0 0.013921904718805415 0.016807238046455196 0.020329409594244122 5.256074749876344 6.881599468392201 5.462912665270214
18 180 0.8209892399556082 0 0 0.01490933901820681 0.020749505865870953 0.020340435546875615 5.540359241771005 7.273746799795034 5.619434145376684
19 190 0.7908805175785613 0 0 0.01394774269656451 0.019705068749796942 0.019642745617686638 4.977543599446758 7.051845852069477 5.175466918866579
20 200 0.75153026498213 0 0 0.013411926022211904 0.01804020085608964 0.018714707471604426 4.666571444927075 6.54311948200157 4.879724471397722
21 210 0.7377635337869239 0 0 0.012768334949683229 0.017597934911418613 0.017823870010756606 4.508300124593131 6.776158140903087 4.625877972600799
22 220 0.7298531114015357 0 0 0.012701151439698275 0.017420253691984588 0.018025358731410757 4.60071330414049 6.526188752815636 4.644842200601753
23 230 0.7331378469530215 0 0 0.013033998096082458 0.01793614065049919 0.017982549147698527 4.331255189900709 6.484304291254243 4.462411034042282
24 240 0.6621245254463867 0 0 0.011339738175825561 0.015432058854957603 0.015919124615697583 3.7503276024394734 5.761011943382313 3.79426526679632
25 250 0.617300542896407 0 0 0.009767327317097866 0.014282864759052535 0.014978870120292666 3.4015229255523556 5.375403878241102 3.5197524709555577
26 260 0.5763808163601122 0 0 0.009380971443202477 0.013690406912430758 0.013547563925122111 3.038815588034352 4.956041259919383 3.2625300991161343
27 270 0.5199094638529266 0 0 0.008489363950962303 0.012836632650334015 0.012134964476105042 2.519718199709257 4.429543049355147 2.7064091059288913
28 280 0.5259691086829082 0 0 0.008626287715358498 0.01248025363591373 0.012095632066770345 2.6422957993617704 4.804614774651464 2.5214190890406125
29 290 0.5190187864355744 0 0 0.008678883108651992 0.011986734238679339 0.011053495948396854 2.710108457678801 4.4296749922509315 2.410833168548905
30 300 0.4800614130373717 0 0 0.007996621059612373 0.010861430854462475 0.010579952079271886 2.3901525165181696 4.170604135907613 2.1090107703749887
31 310 0.4808531428869445 0 0 0.007623805439156475 0.010347351606767887 0.011177785388202851 2.408254781566689 4.146064237015666 2.011160737575066
32 320 0.47979535170530013 0 0 0.007746427565374404 0.009527019597834176 0.011756384192887845 2.3890286139644736 4.037565931475599 2.057643860935993
33 330 0.45556806515331155 0 0 0.007468107692796519 0.009486225966382102 0.010920794363571316 2.29660170621599 3.5098035535410363 1.8471779023819657
34 340 0.4189175269821649 0 0 0.006767642658171424 0.008913160325703598 0.009806455066393938 2.0509361776108563 3.1959511888481424 1.6799406244547999
35 350 0.3445276993362638 0 0 0.0053834621020034295 0.007107662384590353 0.008095042598464329 1.674312004241986 2.6806703792486264 1.3035436984872768
36 360 0.3426600506696709 0 0 0.005408998188604054 0.006847691656618075 0.007880281205320165 1.8429231555188732 2.550762047389203 1.3152832245750676
37 370 0.3314177862175868 0 0 0.005195257586041996 0.006394582241666563 0.007884302218645231 1.7439766104653114 2.4162004920848754 1.3130274545136051
38 380 0.2986122833001807 0 0 0.004688847776015729 0.005689778564648177 0.0068764787529724345 1.5107328235721504 2.0878060112269607 1.1122262217218413
39 390 0.3275337709047063 0 0 0.0060296864510587436 0.0060542810333451885 0.008545391247893849 1.77658610116511 2.142459614767377 1.2933268867238223
40 400 0.32677185352589055 0 0 0.005959835074107551 0.005865016051674024 0.008387250307232724 1.7647077547770809 2.198743313638463 1.2058933677222703
41 410 0.33873176644254954 0 0 0.0061161005061486 0.006190456829530981 0.008716522394756088 1.8188578927543295 2.363890113903592 1.3033730294333536
42 420 0.33864463092496333 0 0 0.006176955909396424 0.005826134289553901 0.008861418421501288 1.8825842198112648 2.4553618362641765 1.324402121077568
43 430 0.3569383140766686 0 0 0.006323276023140441 0.006213294782538803 0.00995461345688122 1.9177703759170215 2.4993200654258123 1.5248145280803647
44 440 0.3606166870353497 0 0 0.006578156372872659 0.006473226378254573 0.010165687632915206 1.9698174699185302 2.437393992791742 1.5647377157396596
45 450 0.3474060312865071 0 0 0.006281681541793097 0.006293916044814264 0.009482240445315544 1.928778499952026 2.3021458097582346 1.4625402273466948
46 460 0.3354558354619363 0 0 0.006054957286965307 0.005929743187908031 0.009394923192007505 1.8652286272245322 2.1773469151147427 1.46202343243714
47 470 0.30909267963527737 0 0 0.005431046315734274 0.005343195913530693 0.008770402150324264 1.6647884837395246 1.998209138634751 1.3078682992154436
48 480 0.2687478645997995 0 0 0.0046170527032908925 0.004259930305901496 0.007515169999187249 1.4445193926545312 1.7537654883448077 1.1187389394381542
49 490 0.2452230579058396 0 0 0.004114204999738797 0.0039353926742695285 0.0067301701204036425 1.2705825342854156 1.5472758342794624 1.0282820779457076
50 500 0.23218761206225527 0 0 0.0038371232812935826 0.0036433945536171516 0.006564004203480255 1.105600325467384 1.3767091722033982 0.9708999067580264
50 500 0.23218761206225527 0 0 0.0038371232812935826 0.0036433945536171516 0.006564004203480255 1.105600325467384 1.3767091722033982 0.9708999067580264
