% # columns="iteration, evaluation, sigma, void, void,  stds==sigma*sigma_vec.scaling*sqrt(diag(C))", seed=335046, Fri Nov 28 00:44:23 2025, <python>{}</python>
1 10 1.0203141047079232 0 0 0.00999040865349062 0.010086979595469803 0.009778699556867894 1.1263214039252325 1.044454366381018 0.9872337543088406
2 20 1.0291140379940633 0 0 0.009749518612849287 0.009948663875448162 0.010033618128534389 1.1373519953525533 1.0217061983722073 1.0503320008960935
3 30 1.0000040749799926 0 0 0.009518143821270008 0.009037788996968998 0.009016728301945666 1.1428732256127385 0.9919437900318989 1.024122423141611
4 40 0.9086864660787883 0 0 0.008713738783365007 0.007785831910212382 0.007462527476158731 1.0649473690779494 0.882394074540262 0.9220525549650695
5 50 0.8979671329879454 0 0 0.008336833218285563 0.007443057288344451 0.007627447262835609 1.0270274496573948 0.8766908649571431 0.8852594686686587
6 60 0.8230428949952076 0 0 0.007211672714677667 0.006595402579053012 0.007123907495809477 0.9809406336268958 0.7897424231587128 0.7915912466448429
7 70 0.7828833445644827 0 0 0.006933956404304655 0.006202014658354957 0.006839655968104781 0.9146997853312678 0.7299123296500009 0.7324717736805519
8 80 0.7289393221425245 0 0 0.00620797697910698 0.00555049560712496 0.006122861644403667 0.8430474659696628 0.722278926986727 0.6721908139401527
9 90 0.6438170482418856 0 0 0.005623012428107765 0.004916151726117672 0.005019523275525816 0.7170832116135253 0.6286226706125121 0.5905222969697319
10 100 0.5892013914291921 0 0 0.005076584026594488 0.004702118910790734 0.004577030401870179 0.6425536247096046 0.5350825892107391 0.5346835311915896
11 110 0.583772211913564 0 0 0.005413062176601498 0.004645383760396151 0.004669128686589465 0.6350385798782611 0.5359378597804287 0.5088105676863441
12 120 0.5653045117166693 0 0 0.004985427310759483 0.004447643816919052 0.004478377359927126 0.6270925277456165 0.5215282622299194 0.4991866316361331
13 130 0.5166843104307812 0 0 0.004137527966458957 0.003945107006686893 0.0035802403228690684 0.5714553538361079 0.4865344101263935 0.4555763299378296
14 140 0.533595450273349 0 0 0.004196543769212611 0.003882041496012019 0.00353580880231924 0.6008946084461904 0.5415874811904987 0.48431903071465027
15 150 0.49757853999677965 0 0 0.003761645028804055 0.0034104824846918325 0.0031486949363957947 0.5513260882792816 0.5121979748647013 0.448645853950875
16 160 0.592691499525638 0 0 0.004780211195243695 0.0038740232730012495 0.0038622404662117843 0.7655900060721733 0.6190598288281478 0.5367933875352324
17 170 0.5296919098814916 0 0 0.004055150689745714 0.0034106845711385373 0.003393276944183794 0.7038876121359268 0.5288812068356239 0.4849758048886265
18 180 0.5817268463424294 0 0 0.00470634181796555 0.0037201955537912506 0.004098457015214824 0.7816121097912203 0.6110530897549877 0.5244228159626756
19 190 0.5878968991236062 0 0 0.0044555560306822894 0.0038236593830001148 0.004067764596462264 0.8384903941553062 0.6430068744203064 0.5527604042303986
20 200 0.6531141612453985 0 0 0.005121669558798443 0.004154411037866215 0.004750770101719266 0.915527547955298 0.8519180973746363 0.6042009492636049
21 210 0.7211532208908642 0 0 0.005749729757087 0.004418326039748132 0.005561325206802526 1.0692487685801433 1.0113172282106428 0.6722891888517034
22 220 0.7150862460324009 0 0 0.005514865286308667 0.004285819464022037 0.005475135342095795 1.068625192395815 1.0351256357518437 0.6753099265754122
23 230 0.7290307397766823 0 0 0.005271072205729852 0.004559157840671872 0.005286602214386671 1.0364754203866335 1.073275021964309 0.6727617491346735
24 240 0.6757215297171719 0 0 0.004636615853595174 0.004361841938859114 0.004622671245377866 0.9690330567112294 0.9860941732760926 0.6385191821986423
25 250 0.6230509895308304 0 0 0.004126292772513327 0.003878340234132922 0.003986587954574641 0.8510980917256417 0.9036662655931244 0.6020808305560001
26 260 0.5882445388000431 0 0 0.0037825071526764527 0.0035688937454799938 0.0036369867710391844 0.7907787101743745 0.8731153182524332 0.5874137965677294
27 270 0.6029959738095729 0 0 0.0037539655514787105 0.0035892566239042983 0.0035672101563950986 0.821891558458595 0.9162400281268716 0.6185344965383025
28 280 0.5394366742525545 0 0 0.003340154596961744 0.0030567397535467508 0.003122312233060091 0.7046789673855904 0.8056742684725011 0.5553253613610676
29 290 0.4768132857790094 0 0 0.003029062627614723 0.0027189344079770377 0.0027661777986680756 0.6429955578321274 0.7429473083149634 0.4981628226819066
30 300 0.5185145013604499 0 0 0.0030374840401494524 0.0032859137329298025 0.0028231546002979277 0.6626967976435534 0.8241164439560081 0.5552323391514992
31 310 0.5531150431927269 0 0 0.0033111693827296536 0.00347449550061827 0.0029330979642077783 0.7036752048355921 0.9881121044646765 0.584982390994831
32 320 0.5082941142929845 0 0 0.003099304146747153 0.003271067342862353 0.0026785478579643483 0.6406035798902406 0.9103409940464627 0.5374623696052515
33 330 0.5396073755838378 0 0 0.0030658352245995077 0.003426020269974675 0.0025493467812466404 0.6480294450935131 1.0201819130841785 0.5321715388157136
34 340 0.7128044495264515 0 0 0.0039628764885172715 0.004548707085448358 0.003435140770112263 0.8585404549143438 1.400685531079802 0.7273958201218532
35 350 0.7768618629801269 0 0 0.004249711612837315 0.0053528906322777466 0.0037950780640620685 0.9256953449864156 1.5624904953548828 0.8144029437025717
36 360 0.837462417248685 0 0 0.004682814948113764 0.00574373131675186 0.004229076882656387 1.0976220543385917 1.7063952716519324 0.8531385073410194
37 370 0.769439836894223 0 0 0.004242248779387997 0.005168208599925501 0.0038602148768959333 0.9928498270793582 1.5765354601285455 0.7803009122271758
38 380 0.8429120184188946 0 0 0.004588584284054137 0.005680660782606453 0.00434848815731156 1.0768614677095343 1.811990532695438 0.9766456463639928
39 390 0.7671229251389068 0 0 0.00406923970054275 0.005173845570151046 0.0038260670387892733 0.9284092568006915 1.6553924345828563 0.8976294086490616
40 400 0.7333464019774509 0 0 0.0036125124550478414 0.004929481574136299 0.0035052981454977076 0.8636377522074732 1.6513163193747775 0.8473863955902787
41 410 0.7395566192159383 0 0 0.0035827073006292963 0.004921281949550822 0.003428698467345447 0.8565603234236852 1.6966944211266435 0.8510350714105134
42 420 0.8399394118796213 0 0 0.004059789346883011 0.005479229075044118 0.0037913549061756014 1.0479981889725767 2.1028309634919795 0.977673845326765
43 430 0.9361162758466888 0 0 0.004463713729257951 0.006100265456778493 0.004262498365647827 1.247095184660614 2.570753373815639 1.1147637904878727
44 440 0.9975371342861206 0 0 0.004705383389753183 0.006431574781505496 0.004279178669324012 1.3723686440360972 2.992030670008404 1.2235687558881712
45 450 1.0003387560456076 0 0 0.004545069880566526 0.005762048175963682 0.003772252452392161 1.3243376730310648 2.9544492144015666 1.161057158407622
46 460 1.0635283417474313 0 0 0.0049241585512683345 0.006111011342892908 0.0038074942948729713 1.4918599481059647 3.600403375280693 1.3595115862393312
47 470 1.1157988943287096 0 0 0.005257197343777724 0.005895594947484942 0.003959364933286453 1.670860035931007 3.85464425603092 1.3938445551566794
48 480 1.1039451138297731 0 0 0.004952289144740974 0.005816893736086151 0.00372646166732646 1.6634067085207478 3.8675513034761226 1.3848241511650918
49 490 1.0726403667521094 0 0 0.004757201271069119 0.005479058315727958 0.003373456334049997 1.7034628041417104 4.038787218802551 1.3540986338133465
50 500 1.034897209663022 0 0 0.004911150585578131 0.005228676872395385 0.002865421172419428 1.6315697676124388 3.9518078770672935 1.3139108294676323
51 510 0.8295998324995071 0 0 0.0037410947205524757 0.00399714879469529 0.002225632709776211 1.2250029223726715 2.9908688115285864 0.9831700501522602
52 520 0.7097436986422756 0 0 0.00311109501179065 0.003319712583988321 0.00188495021583097 1.0031479354222268 2.504466145151267 0.8395708612562075
53 530 0.6153549559467422 0 0 0.002668599824942537 0.0027689982206572854 0.0015915892061086302 0.8832386838766367 2.1885454996902878 0.7169182184372132
54 540 0.5564193479319288 0 0 0.0021959571629305103 0.002511958650252799 0.0014960084334623988 0.7962588072742014 1.8702995333333883 0.6565301048116007
55 550 0.5186732096873833 0 0 0.0019878238623060956 0.0022875129191892735 0.001361686611345515 0.7066298200576815 1.6480003875274785 0.5936136597636202
56 560 0.5200473744739279 0 0 0.0019815852304006895 0.002415903778121284 0.0012909170495207286 0.6944133455829293 1.7481735534714766 0.626565621769975
57 570 0.4919047670616512 0 0 0.0018265292764270797 0.0021093072871386817 0.0011740546535637553 0.6085235382206591 1.4778674958765863 0.5372405004853287
58 580 0.48796588635920274 0 0 0.0018425815187447995 0.0021105657112697996 0.0011302588197712963 0.5990338881080376 1.4614126349438585 0.5262480365974019
59 590 0.40852829587838557 0 0 0.0014937018132668105 0.0017042417860935561 0.0009337879663516889 0.4822184356215405 1.147811516965888 0.4233585427376414
60 600 0.3985068948659385 0 0 0.0014175618315250768 0.0016004012793490658 0.0008872327636665407 0.45959729622569845 1.1286008186074188 0.4071506563134137
61 610 0.36049160134650404 0 0 0.0012637156045456428 0.001458171204266711 0.0007781724894899579 0.42837281021292317 1.0326833513756983 0.36457837473169497
62 620 0.34254209011114456 0 0 0.0011792365604204628 0.0013177841680678628 0.0006994351743691596 0.4037718577404903 0.97594775962136 0.3390294769984186
63 630 0.3453346698847624 0 0 0.0011677669074643426 0.0012508680964502248 0.0006816527789222004 0.40880718679666506 0.9648345120850935 0.33635414757334414
64 640 0.3569579839320903 0 0 0.0012125114428769264 0.0012812713900551018 0.000706376533132029 0.41440798661184897 0.9145740142646529 0.32937809459645223
65 650 0.39366960130730827 0 0 0.0013647929404703673 0.001448332898936506 0.0007766527356500133 0.47142756272975106 0.9992506196540406 0.3661043704364962
66 660 0.3832341248844647 0 0 0.0013527967673513364 0.0013311847131297905 0.0007329498499569608 0.44795893310194246 0.9208774467038255 0.3526328700005707
67 670 0.41225425250241693 0 0 0.0014595986067822558 0.0014275202565456142 0.0008566305922722804 0.48422087516203305 0.9606260040065475 0.3855360251797475
68 680 0.4095728869371436 0 0 0.0014672382089899428 0.0013461084759293287 0.0008594309508536149 0.4723425766121846 0.9270060483111899 0.38326492503863785
69 690 0.3796078352411815 0 0 0.0013642730313106687 0.0011953539669728264 0.0008098662608661176 0.43539980065273776 0.8284708257195973 0.3569082081683022
70 700 0.32781204924083424 0 0 0.0011120530723230451 0.001032474687019435 0.0006836057738772783 0.35151430106302284 0.6691171463057137 0.29368822809878115
71 710 0.29861224944378767 0 0 0.0010110894608644785 0.000929394524056366 0.0005883876503134315 0.31924814111074923 0.6053931894489745 0.25293455326200276
72 720 0.27118935023443 0 0 0.0009158769933878644 0.0008537803728262037 0.0005363483543872337 0.2780298115794602 0.5550460815398666 0.22627823423564802
73 730 0.2535991541525404 0 0 0.0008302747967901154 0.0007915892664596149 0.0005075553428027141 0.25986097488686577 0.5087119837229209 0.20760952461593354
74 740 0.2135629038525602 0 0 0.0006872646461560617 0.0006355576134545084 0.0004042003489221424 0.21380423116097225 0.4285172682709886 0.16664340147961204
75 750 0.21918302855151528 0 0 0.0007472134206652962 0.0006062044206839289 0.00043485443830043054 0.21700330727019565 0.430471868671122 0.16381253486198363
76 760 0.20353993434721812 0 0 0.0006918094583409783 0.0005474557618957418 0.0004336506925625213 0.21219795567695693 0.37508667321870587 0.15180594885042978
77 770 0.214499611084691 0 0 0.0007230192143680099 0.0005513369134851267 0.00044720280657276025 0.21734115332988027 0.3831804617519791 0.15743226366634783
78 780 0.22328816772748591 0 0 0.0007817965606506077 0.0005725531007339155 0.00042651794458584423 0.21892571188854762 0.403521027413346 0.1604981613732332
79 790 0.19751920734353703 0 0 0.0006580984476169905 0.0004908771423290873 0.0003718971817140472 0.18377485434714536 0.3482919674539437 0.13931466951962226
80 800 0.19043987973824883 0 0 0.0006047936497411819 0.00044673667823266565 0.0003401974526811865 0.16935333399989227 0.3134252873251591 0.12817713747025264
80 800 0.19043987973824883 0 0 0.0006047936497411819 0.00044673667823266565 0.0003401974526811865 0.16935333399989227 0.3134252873251591 0.12817713747025264
