% # columns="iteration, evaluation, sigma, max axis length,  min axis length, all principal axes lengths  (sorted square roots of eigenvalues of C)", seed=3, Sat Feb 14 00:43:37 2026
1 20 1.1125626908360962 1.0000416675347343 1.0 1.0 1.0000083333680556 1.0000166668055563 1.0000250003125026 1.0000333338888951 1.0000416675347343
2 40 1.2464857331606718 1.2543784115932164 0.8222983257448943 0.8222983257448943 0.9067795078196257 0.9571947516516592 1.0063023543287803 1.023311936476706 1.2543784115932164
3 60 1.2022857284074997 1.4193000468253618 0.7210309272824609 0.7210309272824609 0.8751431253225362 0.8986566777246475 0.9645076266000657 1.0052669608937612 1.4193000468253618
4 80 1.0387416325168517 1.3608238023860229 0.6643067702760437 0.6643067702760437 0.8065214165446113 0.9129722404728177 1.0030246462225958 1.0233196212159055 1.3608238023860229
5 100 0.9241280894603668 1.279920905679819 0.5840684644624973 0.5840684644624973 0.8234397499443832 0.8530547532005344 0.9932456536590927 1.0196910047390293 1.279920905679819
6 120 0.9356213867812093 1.257218020912525 0.5080633468814375 0.5080633468814375 0.8131938068452569 0.8603260702120238 0.9867652941790671 1.012469024966598 1.257218020912525
7 140 0.8477448833499984 1.365083367815334 0.4367896444375748 0.4367896444375748 0.8069277338022636 0.8424164680091537 0.9638118626167909 0.9883169660267529 1.365083367815334
8 160 0.9269075829983331 1.344386543104794 0.4111731604403251 0.4111731604403251 0.7507503888018568 0.8489287064830937 0.9196562111664821 0.9830988605813336 1.344386543104794
9 180 1.1593282290853653 1.3137577230355584 0.38204260785554844 0.38204260785554844 0.7226191976030352 0.8264381600093018 0.9752100126655879 1.019464731510472 1.3137577230355584
10 200 1.4652166612859978 1.542972567841466 0.3185099633187091 0.3185099633187091 0.6502608117250782 0.8375396431132888 0.9583359419798378 1.0793511674399945 1.542972567841466
11 220 1.4536580678412214 1.6729109218152707 0.2921450110514175 0.2921450110514175 0.6491736992601033 0.8513233581226448 0.9637623100378252 1.0818283732881682 1.6729109218152707
12 240 1.506902886671874 1.6617115141114152 0.24436084158094012 0.24436084158094012 0.6545284760560113 0.8278646837936643 0.9661968483845471 1.0583002958334005 1.6617115141114152
13 260 1.4289992007150838 1.73446011339496 0.21754623378709717 0.21754623378709717 0.6237979803497402 0.7664722093059435 0.9260854583651162 1.1878879529161879 1.73446011339496
14 280 1.2777984415529282 1.7311677380249855 0.19924666219972137 0.19924666219972137 0.5294397064260283 0.7456249264563953 1.0110557100254967 1.1693227137889222 1.7311677380249855
15 300 1.3650111253102264 1.7362662435949865 0.19481883910631145 0.19481883910631145 0.48511370536411497 0.6748749643397639 0.949044950992472 1.1989096865722146 1.7362662435949865
16 320 1.2085180625733614 1.6038439904693715 0.18397480085165094 0.18397480085165094 0.4818039310141826 0.6371897968045958 1.0444147169672031 1.1603522362526444 1.6038439904693715
17 340 1.3574954094756384 1.636806583615187 0.15860844700650975 0.15860844700650975 0.47324066016426886 0.5890616292274501 1.020147627266496 1.0842571829502712 1.636806583615187
18 360 1.3420590310711589 1.8088964529609135 0.16530276493575868 0.16530276493575868 0.4496108729142544 0.5603991470836784 1.0324092500635118 1.1577878611928942 1.8088964529609135
19 380 1.356256088864385 1.989880799079958 0.14268940365349303 0.14268940365349303 0.43636511021273017 0.5104681061107311 1.0057683407495916 1.1781710882222718 1.989880799079958
20 400 1.3723241226515852 1.8570456023347972 0.13869006249002783 0.13869006249002783 0.37063674995816165 0.4830334748117967 1.080632930741632 1.2928717037177413 1.8570456023347972
21 420 1.5441877466159855 1.9559552583306292 0.12976518078828345 0.12976518078828345 0.3571175678080406 0.4212224987288136 1.1163662443074862 1.2616390358607488 1.9559552583306292
22 440 1.4345409434960854 1.886845973943232 0.12110914218188665 0.12110914218188665 0.33370381412732936 0.4122874038140186 1.1115351461995473 1.352089850415029 1.886845973943232
23 460 1.1432072922803107 1.8376367617113483 0.10472005494485206 0.10472005494485206 0.30394187529586114 0.4042742404352731 1.1591415502186522 1.3867460013353707 1.8376367617113483
24 480 1.0001231780562314 1.77171841945323 0.10342330793981738 0.10342330793981738 0.2696431341628904 0.3495088967446602 1.1192619384670826 1.3839149990282413 1.77171841945323
25 500 1.0067507665988686 1.7306861728432836 0.09601150652731415 0.09601150652731415 0.24126201279080986 0.32908300479385727 1.123178310609719 1.326683883324935 1.7306861728432836
26 520 1.08770373592865 1.6729957021354738 0.09295914285104515 0.09295914285104515 0.21298594216609054 0.3163850644507043 1.1719029633418165 1.2761078343425485 1.6729957021354738
27 540 1.1597875320615447 1.6357497042536955 0.09923383785294079 0.09923383785294079 0.19784332367807 0.29534782134298615 1.2082243618962816 1.2421963571620411 1.6357497042536955
28 560 1.0313674410217937 1.6689930044706414 0.09493265697056773 0.09493265697056773 0.1818974470210199 0.2862850056291488 1.1629188910481632 1.2433194007635764 1.6689930044706414
29 580 0.9251707801095669 1.6247916533077083 0.0902047968602143 0.0902047968602143 0.15333120661811483 0.2872775668023461 1.1672288606136108 1.22065444726951 1.6247916533077083
30 600 0.7862389964530997 1.6292908284256389 0.07918781876797336 0.07918781876797336 0.13848296843236735 0.27500961673307556 1.1155684916095634 1.2160540998740432 1.6292908284256389
31 620 0.8052396861642866 1.6125338000434843 0.07525312399996831 0.07525312399996831 0.12303577236218495 0.26594111077933363 1.010324357143595 1.1825814834893393 1.6125338000434843
32 640 0.7251781620071911 1.6686350236957503 0.07435721895329911 0.07435721895329911 0.10517881743180871 0.2776175124590143 0.8881334539056291 1.1232638780980424 1.6686350236957503
33 660 0.7283066228915274 1.7854160326520234 0.07198100851140744 0.07198100851140744 0.09518056002718812 0.27236662867603384 0.790543773711632 1.1939198044299963 1.7854160326520234
34 680 0.6900508473344369 1.9329884870796248 0.06707532108387965 0.06707532108387965 0.08449024536452594 0.2623341234795237 0.752831465939439 1.2289120280087302 1.9329884870796248
35 700 0.5818957930290815 1.9399126148395804 0.06458177506834671 0.06458177506834671 0.08077184177432495 0.2365424012852956 0.7136373690769673 1.2145178611557275 1.9399126148395804
36 720 0.5551478154753591 1.813370460040349 0.06196843580305504 0.06196843580305504 0.07638138169236071 0.2144306464824629 0.6978321153156524 1.1589127691273078 1.813370460040349
37 740 0.5337848736473925 1.7591841232069096 0.06003085214663315 0.06003085214663315 0.074759778766116 0.21357290186049788 0.6466521209524955 1.1428419162912178 1.7591841232069096
38 760 0.49405791326271176 1.7165701745487172 0.0521869712723828 0.0521869712723828 0.06860325964597476 0.21406415746867752 0.6379578981225833 1.1053485727225418 1.7165701745487172
39 780 0.6068938881794271 1.6711864154970404 0.04631480901255257 0.04631480901255257 0.06781003313280887 0.20022359249393473 0.6281663054518016 1.1121851597326748 1.6711864154970404
40 800 0.6908072941819836 1.710891354412583 0.05231648998797028 0.05231648998797028 0.0676596355025405 0.1907420956871617 0.6110372202678517 1.069993100794175 1.710891354412583
41 820 0.7228281409912065 1.6199227735735782 0.05229486019048344 0.05229486019048344 0.05909409871613665 0.19096008493825917 0.5965072154569878 1.190896267373922 1.6199227735735782
42 840 0.5527029148712037 1.759585480935717 0.046927777527217523 0.046927777527217523 0.05117506087203963 0.18457809677826145 0.5872550372896832 1.1729944076476846 1.759585480935717
43 860 0.4762637097167723 1.5587688785305134 0.04342959112324189 0.04342959112324189 0.04621669874780991 0.17987931686733757 0.5889880205624987 1.1569829973901078 1.5587688785305134
44 880 0.46822221296997135 1.4421830127587931 0.04123203448097323 0.04123203448097323 0.044993954991127946 0.16566541984786462 0.6000443451834243 1.0803125191812948 1.4421830127587931
45 900 0.45324421074086735 1.2749258707876356 0.038085738454828016 0.038085738454828016 0.04228075376309353 0.17225995351692555 0.5691572355028268 1.0897554384482284 1.2749258707876356
46 920 0.3901940832287612 1.306897570262837 0.03636438720197495 0.03636438720197495 0.04095149432907938 0.1526785395894551 0.5210355211051572 1.075866105544911 1.306897570262837
47 940 0.40685135236743764 1.174307204050358 0.03509794349291823 0.03509794349291823 0.03972048788366331 0.1391211027494711 0.4955263395082174 1.0699064325859302 1.174307204050358
48 960 0.3914360139588469 1.307001527340983 0.030085715704425066 0.030085715704425066 0.03748942401088405 0.12604346005342817 0.5091031840614405 1.1098726092762152 1.307001527340983
49 980 0.3703351161808832 1.3362860897878706 0.028354118063783896 0.028354118063783896 0.03561575751857423 0.11871617892129462 0.46468802335453496 1.0333535298995578 1.3362860897878706
50 1000 0.3066888920898854 1.3386086638107935 0.02539536073550347 0.02539536073550347 0.03379779600805458 0.11492487636925768 0.4583486245477552 0.9807549609515693 1.3386086638107935
51 1020 0.2828804607633045 1.2234364741289243 0.02437214197364797 0.02437214197364797 0.03193327096913359 0.11471329049102612 0.44478511677116883 0.9319492655440695 1.2234364741289243
52 1040 0.2644754465855982 1.1863857114938086 0.021328646361259446 0.021328646361259446 0.03075476493534572 0.10932721592877964 0.4233783694946871 0.9253952011473112 1.1863857114938086
53 1060 0.25374077597820593 1.1924213569886362 0.021065877378593854 0.021065877378593854 0.03021058334478223 0.09274480098052638 0.4111489649147951 0.9000312612848522 1.1924213569886362
54 1080 0.2606124171398257 1.1298843003809764 0.021265390099707255 0.021265390099707255 0.026132954610815235 0.08694850110307521 0.3818236268607207 0.9094985190494569 1.1298843003809764
55 1100 0.2689892937613755 1.1445298166561362 0.020930343390090658 0.020930343390090658 0.024650980880370786 0.08207616944940492 0.38001226655632614 0.8904732265865185 1.1445298166561362
56 1120 0.21880062907750628 1.131506401066022 0.01921046189353556 0.01921046189353556 0.024238347210359983 0.07921373138482361 0.33454446258862386 0.8876695417791174 1.131506401066022
57 1140 0.18658654691149368 1.1133197462861575 0.01806591372477425 0.01806591372477425 0.022722631973956457 0.07253963157611899 0.30712349371000436 0.8450465195374399 1.1133197462861575
58 1160 0.16573313179345392 0.9670545432266339 0.01702264467431119 0.01702264467431119 0.022895620717821776 0.06800518960887494 0.2989403621926748 0.8405643616521244 0.9670545432266339
59 1180 0.14249662366997148 0.9909324654184996 0.01650058315287403 0.01650058315287403 0.021220736358620713 0.06610348639871087 0.29957600047182237 0.7572697212438698 0.9909324654184996
60 1200 0.12187629917110887 0.9509499745391214 0.015754010992406628 0.015754010992406628 0.021236659133353875 0.06670432291621378 0.2821522377381418 0.7026445303149067 0.9509499745391214
60 1200 0.12187629917110887 0.9509499745391214 0.015754010992406628 0.015754010992406628 0.021236659133353875 0.06670432291621378 0.2821522377381418 0.7026445303149067 0.9509499745391214
