% # columns="iteration, evaluation, min max(neg(.)) min(pos(.)) max correlation, correlation matrix principal axes lengths  (sorted square roots of eigenvalues of correlation matrix)", seed=3, Sat Feb 14 00:43:37 2026
1 20 -0.24640965816335147 -0.05224549274730313 0.04944773692831368 0.16285180261537235 0.8572556849638622 0.8731633955207098 0.9610402986268277 1.0341771915480922 1.0649957526403018 1.172758075254636
2 40 -0.38948903681037655 -0.04670463708713594 0.025443650832726275 0.22571972240240146 0.8572556849638622 0.8731633955207098 0.9610402986268277 1.0341771915480922 1.0649957526403018 1.172758075254636
3 60 -0.40438235570136816 -0.10794667125631574 0.09869621200706483 0.22847815432693402 0.8572556849638622 0.8731633955207098 0.9610402986268277 1.0341771915480922 1.0649957526403018 1.172758075254636
4 80 -0.3263086413547174 -0.1286543692529347 0.125781558956332 0.29277703077737394 0.8572556849638622 0.8731633955207098 0.9610402986268277 1.0341771915480922 1.0649957526403018 1.172758075254636
5 100 -0.2853093629876347 -0.11618001493359947 0.11364783928540127 0.4081398310136159 0.8572556849638622 0.8731633955207098 0.9610402986268277 1.0341771915480922 1.0649957526403018 1.172758075254636
6 120 -0.3655977305092323 -0.15607739882975763 0.14625208104797174 0.4930232828594502 0.8572556849638622 0.8731633955207098 0.9610402986268277 1.0341771915480922 1.0649957526403018 1.172758075254636
7 140 -0.38918692550129674 -0.1902079765384352 0.14910503693567356 0.4891243030026239 0.6122332357863624 0.803308209177912 0.8887617229858649 0.9522608323353711 1.1352221981731694 1.4122460316092087
8 160 -0.35526226824158724 -0.19952235052786377 0.16811167619323242 0.4989840873371941 0.6122332357863624 0.803308209177912 0.8887617229858649 0.9522608323353711 1.1352221981731694 1.4122460316092087
9 180 -0.43411951517870057 -0.30330610932989166 0.22347060848425476 0.5549777049307565 0.6122332357863624 0.803308209177912 0.8887617229858649 0.9522608323353711 1.1352221981731694 1.4122460316092087
10 200 -0.4319235333151389 -0.2763733849378832 0.20370664607514966 0.5406373102168387 0.6122332357863624 0.803308209177912 0.8887617229858649 0.9522608323353711 1.1352221981731694 1.4122460316092087
11 220 -0.3895599317717854 -0.2886656265737886 0.15682012325277606 0.5624528528091249 0.6122332357863624 0.803308209177912 0.8887617229858649 0.9522608323353711 1.1352221981731694 1.4122460316092087
12 240 -0.35948824895829895 -0.31090706303954985 0.10539194255823775 0.67018046189376 0.6122332357863624 0.803308209177912 0.8887617229858649 0.9522608323353711 1.1352221981731694 1.4122460316092087
13 260 -0.3528240913013092 -0.3255836655752323 0.06349760238836008 0.7046582379405638 0.2859286826698129 0.7014610065178523 0.8559172249691096 1.0753234869839627 1.2404284558703387 1.4137254305453462
14 280 -0.4184404988665834 -0.25577326327974165 0.1223455205530428 0.7364635189023873 0.2859286826698129 0.7014610065178523 0.8559172249691096 1.0753234869839627 1.2404284558703387 1.4137254305453462
15 300 -0.3575543541715333 -0.20507615039176116 0.10751580123326343 0.7235168247220558 0.2859286826698129 0.7014610065178523 0.8559172249691096 1.0753234869839627 1.2404284558703387 1.4137254305453462
16 320 -0.37855611282229845 -0.22917671093067793 0.16946940674785188 0.7051612920809469 0.2859286826698129 0.7014610065178523 0.8559172249691096 1.0753234869839627 1.2404284558703387 1.4137254305453462
17 340 -0.3680215577444052 -0.26316275574752473 0.1060498912609965 0.7287339439774706 0.2859286826698129 0.7014610065178523 0.8559172249691096 1.0753234869839627 1.2404284558703387 1.4137254305453462
18 360 -0.4451434541861273 -0.2780432529436961 0.08996522212973025 0.7408557730438333 0.2859286826698129 0.7014610065178523 0.8559172249691096 1.0753234869839627 1.2404284558703387 1.4137254305453462
19 380 -0.5340828003836022 -0.27261574983432646 0.09039146909393478 0.7783309790481275 0.22051484131535082 0.6189640752416042 0.8407077829249804 1.0757195871144727 1.26486285418124 1.4506606881211375
20 400 -0.598355109600277 -0.2873082998864329 0.048590093326068326 0.7958556491474291 0.22051484131535082 0.6189640752416042 0.8407077829249804 1.0757195871144727 1.26486285418124 1.4506606881211375
21 420 -0.6443771723285627 -0.27595943415564 0.07778857816743624 0.7898471601844961 0.22051484131535082 0.6189640752416042 0.8407077829249804 1.0757195871144727 1.26486285418124 1.4506606881211375
22 440 -0.6568061060771883 -0.2365503719151548 0.10948163611099082 0.776129769529912 0.22051484131535082 0.6189640752416042 0.8407077829249804 1.0757195871144727 1.26486285418124 1.4506606881211375
23 460 -0.6932761260311884 -0.25468895536529756 0.12257945216778862 0.7599412788761424 0.22051484131535082 0.6189640752416042 0.8407077829249804 1.0757195871144727 1.26486285418124 1.4506606881211375
24 480 -0.7502923716918813 -0.24841223760634595 0.14833275902931856 0.7706912631696862 0.22051484131535082 0.6189640752416042 0.8407077829249804 1.0757195871144727 1.26486285418124 1.4506606881211375
25 500 -0.7953029141528424 -0.2769551792157532 0.1513557109720441 0.807345446223097 0.15450037710663522 0.43942799312487507 0.8103455384503386 1.0189436507162837 1.4020107683386722 1.4568776279335074
26 520 -0.811698946034043 -0.26596320259470796 0.18339015177628387 0.8205607610787666 0.15450037710663522 0.43942799312487507 0.8103455384503386 1.0189436507162837 1.4020107683386722 1.4568776279335074
27 540 -0.8237320156193707 -0.28555130450313426 0.20507616587759098 0.7911778626305055 0.15450037710663522 0.43942799312487507 0.8103455384503386 1.0189436507162837 1.4020107683386722 1.4568776279335074
28 560 -0.8366057669908821 -0.25816647568159107 0.16397492195786864 0.8271886999324957 0.15450037710663522 0.43942799312487507 0.8103455384503386 1.0189436507162837 1.4020107683386722 1.4568776279335074
29 580 -0.8539641234138485 -0.2782642509243456 0.16809154954734196 0.8315107270125396 0.15450037710663522 0.43942799312487507 0.8103455384503386 1.0189436507162837 1.4020107683386722 1.4568776279335074
30 600 -0.8688656199445143 -0.2599103702873909 0.11536981913969242 0.8457512359127506 0.15450037710663522 0.43942799312487507 0.8103455384503386 1.0189436507162837 1.4020107683386722 1.4568776279335074
31 620 -0.8998136080854134 -0.27535582120152835 0.06639634236428166 0.8603319940667193 0.12894357336450468 0.30695426156035466 0.7944003141990386 1.1005870471677757 1.3008275933567663 1.5344824863668398
32 640 -0.8782688419513878 -0.25724764097510494 0.06765727915529841 0.8803532387935069 0.12894357336450468 0.30695426156035466 0.7944003141990386 1.1005870471677757 1.3008275933567663 1.5344824863668398
33 660 -0.9080942229934242 -0.29348475223876824 0.11467795296144123 0.9066374893759792 0.12894357336450468 0.30695426156035466 0.7944003141990386 1.1005870471677757 1.3008275933567663 1.5344824863668398
34 680 -0.9155179389087522 -0.34729887020084915 0.15145584725413863 0.9087157387738267 0.12894357336450468 0.30695426156035466 0.7944003141990386 1.1005870471677757 1.3008275933567663 1.5344824863668398
35 700 -0.9174380116920672 -0.35125397083597926 0.17699452438536528 0.9018571562733754 0.12894357336450468 0.30695426156035466 0.7944003141990386 1.1005870471677757 1.3008275933567663 1.5344824863668398
36 720 -0.9169891055998838 -0.3431192017222812 0.17245760441107583 0.9048055888162104 0.12894357336450468 0.30695426156035466 0.7944003141990386 1.1005870471677757 1.3008275933567663 1.5344824863668398
37 740 -0.9417837391709147 -0.3605990329895856 0.1559899882155525 0.9071675858408769 0.10282449610956484 0.21093259635975772 0.6892523772750759 1.0922429100842368 1.2288049167198247 1.663403025496017
38 760 -0.9508833150255861 -0.2996649353153389 0.16029336104462294 0.9194236757708693 0.10282449610956484 0.21093259635975772 0.6892523772750759 1.0922429100842368 1.2288049167198247 1.663403025496017
39 780 -0.9385088198685608 -0.29170610875020947 0.13963342853113372 0.9333196595920596 0.10282449610956484 0.21093259635975772 0.6892523772750759 1.0922429100842368 1.2288049167198247 1.663403025496017
40 800 -0.9464227364519442 -0.2954006574172633 0.17428334491990355 0.9261362613854168 0.10282449610956484 0.21093259635975772 0.6892523772750759 1.0922429100842368 1.2288049167198247 1.663403025496017
41 820 -0.966839631960327 -0.3782426355309163 0.23639306883045594 0.9397204552816916 0.10282449610956484 0.21093259635975772 0.6892523772750759 1.0922429100842368 1.2288049167198247 1.663403025496017
42 840 -0.9703704152742573 -0.37082807069148993 0.2638877418069726 0.9270693170813378 0.10282449610956484 0.21093259635975772 0.6892523772750759 1.0922429100842368 1.2288049167198247 1.663403025496017
43 860 -0.9707578125937629 -0.3279188406018394 0.2538774023454009 0.9368892088183837 0.08383909684571601 0.14222161152635518 0.6712584568649549 1.0079066194049302 1.2689022220271324 1.7018130040155863
44 880 -0.966638393680098 -0.2708392687579179 0.25767684972835436 0.9324959105337245 0.08383909684571601 0.14222161152635518 0.6712584568649549 1.0079066194049302 1.2689022220271324 1.7018130040155863
45 900 -0.9647007287121971 -0.33431164329834806 0.28680950946061473 0.935320963319525 0.08383909684571601 0.14222161152635518 0.6712584568649549 1.0079066194049302 1.2689022220271324 1.7018130040155863
46 920 -0.9626373676220787 -0.26987802100644753 0.2720767941797474 0.9273919732605579 0.08383909684571601 0.14222161152635518 0.6712584568649549 1.0079066194049302 1.2689022220271324 1.7018130040155863
47 940 -0.9700689602491743 -0.3091813588150094 0.2507259983943162 0.9304201409560537 0.08383909684571601 0.14222161152635518 0.6712584568649549 1.0079066194049302 1.2689022220271324 1.7018130040155863
48 960 -0.9704248993982877 -0.3706600833509161 0.2674019472545305 0.9381986925342662 0.08383909684571601 0.14222161152635518 0.6712584568649549 1.0079066194049302 1.2689022220271324 1.7018130040155863
49 980 -0.969873066249027 -0.33918061506551167 0.3492318912878037 0.943445839170863 0.05572775447827814 0.14181298336538797 0.6918398302807205 0.8915065584148046 1.3567465471089417 1.6919208041685392
50 1000 -0.9693058895889555 -0.34708521569645606 0.3365139201235232 0.9386459136077517 0.05572775447827814 0.14181298336538797 0.6918398302807205 0.8915065584148046 1.3567465471089417 1.6919208041685392
51 1020 -0.9753028460709292 -0.310587740162686 0.30488945670856005 0.9320696487237926 0.05572775447827814 0.14181298336538797 0.6918398302807205 0.8915065584148046 1.3567465471089417 1.6919208041685392
52 1040 -0.9772926480550741 -0.3923693068621226 0.33053818800911383 0.9363791368606326 0.05572775447827814 0.14181298336538797 0.6918398302807205 0.8915065584148046 1.3567465471089417 1.6919208041685392
53 1060 -0.9811777225039585 -0.3940772316861008 0.32964662685081253 0.9234515056392707 0.05572775447827814 0.14181298336538797 0.6918398302807205 0.8915065584148046 1.3567465471089417 1.6919208041685392
54 1080 -0.9836765421318351 -0.4050806717389203 0.31615189503798724 0.914836183577284 0.05572775447827814 0.14181298336538797 0.6918398302807205 0.8915065584148046 1.3567465471089417 1.6919208041685392
55 1100 -0.9828662586545716 -0.3930751832963014 0.3112001873626188 0.914275972080331 0.060042949525772445 0.11426221840070878 0.537975383325518 0.91015698171567 1.3622143064553462 1.734908622526489
56 1120 -0.9841269734603728 -0.4469736185112187 0.2949085811070666 0.9064532286078045 0.060042949525772445 0.11426221840070878 0.537975383325518 0.91015698171567 1.3622143064553462 1.734908622526489
57 1140 -0.9847556076566601 -0.38072447805642184 0.3671612155840541 0.9076942422441694 0.060042949525772445 0.11426221840070878 0.537975383325518 0.91015698171567 1.3622143064553462 1.734908622526489
58 1160 -0.9859747715765312 -0.38132654088542955 0.33891103861507643 0.8834496555456897 0.060042949525772445 0.11426221840070878 0.537975383325518 0.91015698171567 1.3622143064553462 1.734908622526489
59 1180 -0.9870902935304904 -0.4041915526124444 0.35244089585164556 0.8658573232728114 0.060042949525772445 0.11426221840070878 0.537975383325518 0.91015698171567 1.3622143064553462 1.734908622526489
60 1200 -0.9899147511877966 -0.42799457623935017 0.38337306675291455 0.8126468791383996 0.060042949525772445 0.11426221840070878 0.537975383325518 0.91015698171567 1.3622143064553462 1.734908622526489
60 1200 -0.9899147511877966 -0.42799457623935017 0.38337306675291455 0.8126468791383996 0.060042949525772445 0.11426221840070878 0.537975383325518 0.91015698171567 1.3622143064553462 1.734908622526489
