% # columns="iteration, evaluation, sigma, axis ratio, bestever, best, median, worst objective function value, interquartile range, 25%tile, current best feasible f-value, further/more values", seed=3, Sat Feb 14 00:43:37 2026, <python>{}</python>
1 20 1.1125626908360962 1.0000416675347343 -1.11938699646585 -1.1193869964658500e+00 -0.7898361951259634 -0.34558626266678494 0.1707364657467092 -0.8498615158661909 nan   
2 40 1.2464857331606718 1.5254541719477712 -1.11938699646585 -1.0146078058842596e+00 -0.7346485889991595 -0.4632936253575782 0.11005919195027902 -0.8089346242065051 nan   
3 60 1.2022857284074997 1.9684315791760163 -1.11938699646585 -9.8523529021084355e-01 -0.660073060985772 -0.44461626403128585 0.12715803940559334 -0.7465415080453508 nan   
4 80 1.0387416325168517 2.0484870292990554 -1.11938699646585 -1.0018523731060818e+00 -0.7307091144716241 -0.5346409627011638 0.15864734301912065 -0.8169632080776845 nan   
5 100 0.9241280894603668 2.1913884819268517 -1.11938699646585 -8.6563184134506055e-01 -0.7536699105088354 -0.5570399477777687 0.11488317334465847 -0.8240835947665537 nan   
6 120 0.9356213867812093 2.474530053446094 -1.11938699646585 -1.0143808419557812e+00 -0.8164611362983832 -0.6107115465374073 0.12354248643932264 -0.857841790249948 nan   
7 140 0.8477448833499984 3.125264953506537 -1.11938699646585 -1.0030351943750460e+00 -0.8329994816610369 -0.6379278122367368 0.1630910358479285 -0.9190653027503992 nan   
8 160 0.9269075829983331 3.2696359404030444 -1.11938699646585 -1.0614403131503589e+00 -0.8101985397330366 -0.6822873053737075 0.1430479915073396 -0.8873966582436421 nan   
9 180 1.1593282290853653 3.4387727861293795 -1.1854838425020495 -1.1854838425020495e+00 -0.7799252962161335 -0.6473035933618732 0.10740626178334733 -0.8499436470420434 nan   
10 200 1.4652166612859978 4.844346317347469 -1.1854838425020495 -1.0773566396589036e+00 -0.8400019969590294 -0.6923009506286956 0.10081970260766182 -0.9217089318655556 nan   
11 220 1.4536580678412214 5.726303234802933 -1.1854838425020495 -1.1249819909400238e+00 -0.8048064345823855 -0.5742915036696287 0.12909474038503288 -0.8974113784176374 nan   
12 240 1.506902886671874 6.800236500089984 -1.1854838425020495 -1.0321830715086779e+00 -0.8230808493310672 -0.7356348657215078 0.15025735787188887 -0.9480536588364478 nan   
13 260 1.4289992007150838 7.972834478451137 -1.1854838425020495 -1.0343737552722096e+00 -0.8630053121894513 -0.6557235309870881 0.2061884751140559 -0.9569832210637188 nan   
14 280 1.2777984415529282 8.68856581541975 -1.1854838425020495 -1.0739589535832357e+00 -0.8273717547411565 -0.6886066372519964 0.1463853931631176 -0.9384741141953361 nan   
15 300 1.3650111253102264 8.91220916601149 -1.1854838425020495 -1.1507960495083349e+00 -0.9273083182809255 -0.8024853780747339 0.11108303330212932 -0.9802037654769068 nan   
16 320 1.2085180625733614 8.717737337096723 -1.1854838425020495 -1.0999546196898033e+00 -0.9341028890203241 -0.7319019265848811 0.19984677041409182 -1.0101522452091618 nan   
17 340 1.3574954094756384 10.319794528648325 -1.1854838425020495 -1.1114771221570285e+00 -0.8957138719696787 -0.6118112252894622 0.15840638452067324 -0.9927197874483349 nan   
18 360 1.3420590310711589 10.942929198213362 -1.1854838425020495 -1.1716986518701988e+00 -0.8890599577127564 -0.7331241630752029 0.1988094025245205 -1.0227274811268527 nan   
19 380 1.356256088864385 13.945540090083949 -1.2151253362428136 -1.2151253362428136e+00 -0.9662051162831679 -0.7694290330325488 0.1672959046028204 -1.1065566187237792 nan   
20 400 1.3723241226515852 13.389896644313096 -1.2151253362428136 -1.1596797144819564e+00 -0.9553101317574217 -0.7581667893864177 0.21646799789149007 -1.0495555107188164 nan   
21 420 1.5441877466159855 15.073036129174286 -1.2214112567004036 -1.2214112567004036e+00 -0.980044789707377 -0.8856337896988072 0.14941352396867147 -1.099271340994639 nan   
22 440 1.4345409434960854 15.579715452938224 -1.2214112567004036 -1.1922622477124087e+00 -0.8895095024471751 -0.7279024811879511 0.2327578602007494 -1.0527931199575649 nan   
23 460 1.1432072922803107 17.548088211747874 -1.2684709241245034 -1.2684709241245034e+00 -0.9520650644738617 -0.787272718998269 0.25194575570476996 -1.1036020937040345 nan   
24 480 1.0001231780562314 17.13074600634707 -1.2684709241245034 -1.2603718377180884e+00 -1.054509899533962 -0.8209337955420807 0.24364905897037592 -1.16858983543202 nan   
25 500 1.0067507665988686 18.02582039842197 -1.2684709241245034 -1.2370674215311743e+00 -1.1003861523974714 -0.9142860485499749 0.16567862507893927 -1.1765258940838883 nan   
26 520 1.08770373592865 17.99710766283883 -1.3000119299453181 -1.3000119299453181e+00 -1.1181119332589442 -0.9312179516194931 0.14002850833114477 -1.2132139439397287 nan   
27 540 1.1597875320615447 16.483789598844183 -1.3000119299453181 -1.2969646782837154e+00 -1.126696989192188 -0.9875966963350395 0.10739900576056205 -1.1879351353806673 nan   
28 560 1.0313674410217937 17.5808099944794 -1.3000119299453181 -1.2943650311886354e+00 -1.1055538251268922 -0.912204137826039 0.13809471421831998 -1.1492595707678286 nan   
29 580 0.9251707801095669 18.012253337542166 -1.3088586180525825 -1.3088586180525825e+00 -1.157635685961155 -0.8799830918496698 0.1722203509287099 -1.2463144464476348 nan   
30 600 0.7862389964530997 20.575018402762062 -1.3406953351884114 -1.3406953351884114e+00 -1.1720461395726687 -0.8668452858990986 0.09295978469059607 -1.2446741512145376 nan   
31 620 0.8052396861642866 21.428131010802467 -1.3406953351884114 -1.3091407741423384e+00 -1.2450705805965103 -1.039699295076022 0.14373816991342125 -1.2960082936268447 nan   
32 640 0.7251781620071911 22.44079387562565 -1.3406953351884114 -1.3176290470214238e+00 -1.258210592411592 -1.0570859573439733 0.04881697388018358 -1.2719510222324266 nan   
33 660 0.7283066228915274 24.80398746245787 -1.3406953351884114 -1.3230226981088080e+00 -1.2540123916168051 -1.1427127645776818 0.08520535191395906 -1.2862528110261042 nan   
34 680 0.6900508473344369 28.81817717521421 -1.3406953351884114 -1.3301041191345044e+00 -1.276561912655232 -1.1774881955825522 0.043984021037582366 -1.2945627310032348 nan   
35 700 0.5818957930290815 30.03808137491694 -1.3406953351884114 -1.3394077888999227e+00 -1.307202883841062 -1.2143293124391623 0.038074990513341955 -1.3248427671002392 nan   
36 720 0.5551478154753591 29.262808340096104 -1.3450809769886618 -1.3450809769886618e+00 -1.3014730374233703 -1.2091169083710898 0.027290041439249624 -1.3157771986792266 nan   
37 740 0.5337848736473925 29.304666855467485 -1.352103206031743 -1.3521032060317431e+00 -1.3186472079130949 -1.26446371242075 0.024101117508168457 -1.3353814522662075 nan   
38 760 0.49405791326271176 32.89269587210403 -1.352103206031743 -1.3512914392508606e+00 -1.3290121195377709 -1.2970379512791719 0.023150890051649275 -1.3387936658088107 nan   
39 780 0.6068938881794271 36.08319781787513 -1.3616744293248213 -1.3616744293248213e+00 -1.340951966873616 -1.321806384628307 0.014382852018882453 -1.3480673222366344 nan   
40 800 0.6908072941819836 32.702716768766166 -1.3616744293248213 -1.3602319626293795e+00 -1.3375787300571504 -1.2163828688176754 0.01605756660716917 -1.3467839949763367 nan   
41 820 0.7228281409912065 30.97671105101013 -1.3648397215150632 -1.3648397215150632e+00 -1.333816076797997 -1.2349065385381555 0.04298090101413532 -1.3449761493852397 nan   
42 840 0.5527029148712037 37.49560651823282 -1.3648397215150632 -1.3574680908105652e+00 -1.3401497747208797 -1.2726534531706135 0.023850510371752343 -1.3453128557099419 nan   
43 860 0.4762637097167723 35.891861705700435 -1.3648397215150632 -1.3626532718312114e+00 -1.3434808119878294 -1.3103744317126478 0.01985570477457821 -1.3585230311408694 nan   
44 880 0.46822221296997135 34.97724599120369 -1.3676757778186572 -1.3676757778186572e+00 -1.356749143447368 -1.3406618727971107 0.010354077323685429 -1.361353176359338 nan   
45 900 0.45324421074086735 33.47515165814035 -1.3692926358793946 -1.3692926358793946e+00 -1.3580937256903636 -1.3205907858904706 0.013438534544230052 -1.3640463177412527 nan   
46 920 0.3901940832287612 35.93894111302003 -1.3692926358793946 -1.3679063887515164e+00 -1.358521598729181 -1.3504909272871655 0.008782063211600244 -1.3634640762220456 nan   
47 940 0.40685135236743764 33.45800600218357 -1.3696558089185116 -1.3696558089185116e+00 -1.3637048330286352 -1.3393807476744257 0.0044941610234217055 -1.3663685600990287 nan   
48 960 0.3914360139588469 43.44259382696841 -1.3706449082208305 -1.3706449082208305e+00 -1.3656757703188451 -1.3446722987499777 0.009006948102454171 -1.368828012367838 nan   
49 980 0.3703351161808832 47.12846602323632 -1.3706449082208305 -1.3698367823336564e+00 -1.3653806262535102 -1.3574745078707946 0.005016231651059355 -1.367863648666098 nan   
50 1000 0.3066888920898854 52.710756021645274 -1.3706449082208305 -1.3694504166651558e+00 -1.366672525843498 -1.3606763212508375 0.003046596342670904 -1.3681230456609974 nan   
51 1020 0.2828804607633045 50.19815145717383 -1.3709565824255652 -1.3709565824255652e+00 -1.3683170554214032 -1.3629168172052717 0.002943178965335136 -1.3697379147342357 nan   
52 1040 0.2644754465855982 55.624050931273125 -1.3709565824255652 -1.3707925180717830e+00 -1.3689844821219168 -1.3660611337772552 0.002117095517913059 -1.3701633012408785 nan   
53 1060 0.25374077597820593 56.604400356014516 -1.3716225841561227 -1.3716225841561227e+00 -1.369577695673804 -1.3657419929624486 0.0016484477206715198 -1.3702280232553092 nan   
54 1080 0.2606124171398257 53.13254518648735 -1.3718582354345905 -1.3718582354345905e+00 -1.368991456565253 -1.3657985357402707 0.002553839718305806 -1.3703035999027502 nan   
55 1100 0.2689892937613755 54.682801678161034 -1.3718582354345905 -1.3718060184831762e+00 -1.3709174316407442 -1.3691944189994223 0.0014337154740837743 -1.3713286724765819 nan   
56 1120 0.21880062907750628 58.900530728351775 -1.3718582354345905 -1.3716626973239752e+00 -1.3703131031211948 -1.368818978193833 0.0013698903949053154 -1.371176729082503 nan   
57 1140 0.18658654691149368 61.625432471728985 -1.3719525760608962 -1.3719525760608962e+00 -1.3704390019508725 -1.3684031484717607 0.0021953433403483213 -1.3712755691553427 nan   
58 1160 0.16573313179345392 56.80988834161664 -1.3722073080846202 -1.3722073080846202e+00 -1.371397178707931 -1.3704364142830219 0.0006229629278153848 -1.371618819294899 nan   
59 1180 0.14249662366997148 60.05439057745674 -1.3722073080846202 -1.3716972869551074e+00 -1.37123787011264 -1.3701451536302414 0.0004942741897804304 -1.371491709159062 nan   
60 1200 0.12187629917110887 60.36240389812319 -1.3722073080846202 -1.3718787071535017e+00 -1.3714314846328282 -1.3710260570311086 0.00043959243482283306 -1.3717583683714367 nan   
