% # columns="iteration, evaluation, sigma, void, void,  stds==sigma*sigma_vec.scaling*sqrt(diag(C))", seed=3, Sat Feb 14 00:43:37 2026, <python>{}</python>
1 20 1.1125626908360962 0 0 0.0802525087122462 0.09575034573491623 0.08417384752661639 5.4018265160961425 6.191482992931783 5.566897394506444
2 40 1.2464857331606718 0 0 0.08153339331058823 0.1092723262655202 0.09058881427437543 6.012725809183536 7.379032734538559 6.299020881698713
3 60 1.2022857284074997 0 0 0.07396154008829368 0.10161075518827603 0.08668132981484598 5.884391602897629 6.600075756275764 6.438741403404027
4 80 1.0387416325168517 0 0 0.05685598301998665 0.08013273311665069 0.07281007217390509 5.07160244054873 5.531631088208052 5.588519624486135
5 100 0.9241280894603668 0 0 0.04671567046459435 0.0694222498898153 0.06379504562528286 4.367287272031821 4.892863652559739 5.058842046742606
6 120 0.9356213867812093 0 0 0.04481401681722254 0.0700677059985094 0.06699751496892661 4.300097910499331 5.077766068710394 5.254685614281275
7 140 0.8477448833499984 0 0 0.038662479920599166 0.060549570403914864 0.05904475423338514 3.8727137404356626 4.572537515063041 4.632581441270844
8 160 0.9269075829983331 0 0 0.040121425741564166 0.06473915316587245 0.06440320457024977 4.865083289203191 4.540395105743126 5.0692225298721825
9 180 1.1593282290853653 0 0 0.0502219316096446 0.07818390199307847 0.081800974751206 7.45406189334893 5.706482318902243 6.572067595413068
10 200 1.4652166612859978 0 0 0.05595361164597018 0.09619382740288532 0.10225198657251452 9.663669009143112 7.654476087286235 9.368931292469407
11 220 1.4536580678412214 0 0 0.05265763949457856 0.09177124979910053 0.09878610148688219 9.28002693023711 7.620356948132144 9.503259043532205
12 240 1.506902886671874 0 0 0.060258049339511066 0.08630767196646938 0.09421701943818939 11.1416033260207 7.937456790216065 9.623168925123577
13 260 1.4289992007150838 0 0 0.057859996160170686 0.07335156484829936 0.0827545098559428 10.563509714515535 8.020700372104836 9.107088636912556
14 280 1.2777984415529282 0 0 0.05108358539293391 0.061589802502724826 0.06620231444349034 9.576572494108113 7.182780151721599 7.924977861856707
15 300 1.3650111253102264 0 0 0.051572446763753256 0.061743655535556385 0.0670392600450461 9.794272597584557 7.2688059683624076 8.547113813171093
16 320 1.2085180625733614 0 0 0.04270520994706735 0.05240607238037068 0.056220476668441856 8.575300805406203 6.5703501103406605 7.3217942728327685
17 340 1.3574954094756384 0 0 0.04824286955084222 0.056427432123029364 0.05952469391468326 10.284107308722136 8.21038344356387 8.837552420332525
18 360 1.3420590310711589 0 0 0.046429740419043034 0.0536232136637912 0.057409672445684054 10.57441261291162 8.514621605763205 9.52500766993928
19 380 1.356256088864385 0 0 0.04652398143204776 0.05093343016961115 0.056241552915934426 10.727002326464927 8.135543769126249 9.740890746553264
20 400 1.3723241226515852 0 0 0.04725972330683929 0.04716515968634476 0.05342160839800093 11.36960463218175 8.914725788253387 9.57031939307592
21 420 1.5441877466159855 0 0 0.05171777655077775 0.05269738037153012 0.05970178268430225 12.286668763686569 10.094256440301734 11.155143195300628
22 440 1.4345409434960854 0 0 0.048941537172366066 0.047917655924838126 0.050618511083129855 10.949699518358377 9.88567109302194 10.467359730750125
23 460 1.1432072922803107 0 0 0.03548488328957868 0.035720990271217674 0.03598637316791631 8.14511830190673 7.96741984864396 8.246178911429471
24 480 1.0001231780562314 0 0 0.030501764135667703 0.02977542056017953 0.03021424051710205 7.129313867816712 6.83975280781822 6.825011460053507
25 500 1.0067507665988686 0 0 0.032855853925968966 0.029612447253777402 0.02973991190308656 7.344345211964316 6.606879350954807 6.496154856293035
26 520 1.08770373592865 0 0 0.036207754592674446 0.02938181773562873 0.03106460989440544 7.930889814012943 7.273361278020892 6.62737675731953
27 540 1.1597875320615447 0 0 0.03678274936942386 0.030285268299345282 0.031214994487269956 7.961075945416793 8.504049099858312 6.850685364633161
28 560 1.0313674410217937 0 0 0.0331228238427374 0.026292091838187946 0.024872579978351232 7.243592880045083 7.136269030358414 6.024631460803218
29 580 0.9251707801095669 0 0 0.02946724149279795 0.022635496086955552 0.021684735714553312 6.505988946071373 6.400472938480784 5.168880627180531
30 600 0.7862389964530997 0 0 0.02457751974154621 0.018778585564965616 0.016936016297040984 5.569251938755899 5.232863985644243 3.966190386185947
31 620 0.8052396861642866 0 0 0.024987210932130736 0.019746431916045703 0.016669900774232627 5.953372260164483 5.105802253612576 3.6514499060316106
32 640 0.7251781620071911 0 0 0.023647340712968746 0.01772159668557253 0.01275786268324436 5.656927639839763 5.091229277389185 2.839026607874063
33 660 0.7283066228915274 0 0 0.02631123290341303 0.01701422737972426 0.013206950501795574 6.347717601660084 5.059853605774017 2.783050147887608
34 680 0.6900508473344369 0 0 0.02501445787292474 0.015010750969161305 0.012318020588411374 6.041619130589894 4.707273948739507 2.57633379876363
35 700 0.5818957930290815 0 0 0.01907536365103761 0.012057843231801292 0.010016760435505999 4.700370439879395 3.841176659304015 2.137530368525991
36 720 0.5551478154753591 0 0 0.017919332653170354 0.011279257397817419 0.009404285981895018 4.365690222330174 3.591802531890612 1.8692576755724302
37 740 0.5337848736473925 0 0 0.016491684370540605 0.010846238043178394 0.0092759116135252 4.061588662858636 3.365014588644861 1.8145933934801803
38 760 0.49405791326271176 0 0 0.01573417223710777 0.00927926538496184 0.008423905280776842 3.7704027677141823 2.946806775812864 1.6747598564593698
39 780 0.6068938881794271 0 0 0.020673610182548714 0.010509813759645185 0.010486571876782985 4.815765012121671 3.415944004185356 1.986156112599102
40 800 0.6908072941819836 0 0 0.02299620568786196 0.012162474587268312 0.011825987468169543 5.182220215159964 4.216732036466486 2.2705589180341748
41 820 0.7228281409912065 0 0 0.025306492429009786 0.012679121935126368 0.01339704280656845 5.816151070564904 4.335706360372222 2.640087647665285
42 840 0.5527029148712037 0 0 0.017352576977378895 0.009551005421916354 0.009920977968567852 3.9325559105702377 3.2066083031624633 2.0104440920527704
43 860 0.4762637097167723 0 0 0.014601376509892638 0.007706465199616975 0.008180821656874641 3.179203650796006 2.539820293535686 1.6573312304996874
44 880 0.46822221296997135 0 0 0.013191696466092874 0.007403116529617974 0.007250151927806965 2.7946550346679873 2.532993425410864 1.4310846113128655
45 900 0.45324421074086735 0 0 0.013436474282800325 0.00656364050192866 0.006487584687834907 2.6770701826346914 2.5223418444858456 1.2957178073712494
46 920 0.3901940832287612 0 0 0.01040293447023017 0.004978032977342261 0.0052745146293582176 2.1290539569913918 2.088448061080792 1.0498556136483739
47 940 0.40685135236743764 0 0 0.01220535162066804 0.005018129852615397 0.005569126641513779 2.3888841832442966 2.363425236234175 1.1047567817088098
48 960 0.3914360139588469 0 0 0.011996475618592963 0.004321029638828615 0.005145552447943538 2.288641166740886 2.189611518646659 1.0240497628594667
49 980 0.3703351161808832 0 0 0.01134839337032351 0.004015070486523541 0.004685427297462569 2.1294424594494386 2.0317769780498165 0.948202581869465
50 1000 0.3066888920898854 0 0 0.008438992878293094 0.003428189324546184 0.003662014738501636 1.5996955594781253 1.6062885407777117 0.7390631613928442
51 1020 0.2828804607633045 0 0 0.007463893754138778 0.0028753281786486075 0.003323990848918144 1.385757554618836 1.5112531341229363 0.6457322504349353
52 1040 0.2644754465855982 0 0 0.00697633140888257 0.0025122476975900647 0.002967938215964756 1.288797394723837 1.4039943940957889 0.5784176063392658
53 1060 0.25374077597820593 0 0 0.006163127489786439 0.0022746716430713924 0.002800898132759183 1.1609935916345306 1.3371873049073777 0.5475313273751624
54 1080 0.2606124171398257 0 0 0.00614066420862844 0.0021842684958293134 0.0029260095665784532 1.1298904442990172 1.42233735779278 0.5744495224972334
55 1100 0.2689892937613755 0 0 0.006213670623888988 0.0022647347912712803 0.002861168091625119 1.1449381021167984 1.4580894177896182 0.5630576476306943
56 1120 0.21880062907750628 0 0 0.004814938339194044 0.0016598746451213222 0.0022759164746428565 0.8728951443409783 1.1707606969811006 0.45182787997453017
57 1140 0.18658654691149368 0 0 0.003737394334857317 0.0013004741595768463 0.0018885695265509455 0.7158883161636 0.8837158372799072 0.37798885068592336
58 1160 0.16573313179345392 0 0 0.0030190900662032073 0.001129650575625067 0.0016370548888869601 0.56848705756327 0.8076678919292924 0.32655224924336057
59 1180 0.14249662366997148 0 0 0.002252504292367586 0.0009992127842076786 0.001368411840042583 0.453794907677189 0.6647781362118711 0.27167940834310517
60 1200 0.12187629917110887 0 0 0.0017754216210560123 0.0008490162461681617 0.0012497269304605812 0.3612749453903201 0.6130855140739829 0.2488468540530211
60 1200 0.12187629917110887 0 0 0.0017754216210560123 0.0008490162461681617 0.0012497269304605812 0.3612749453903201 0.6130855140739829 0.2488468540530211
