% # columns="iteration, evaluation, void, void, void, xmean", seed=3, Sat Feb 14 00:43:37 2026, <python>{}</python> # scaling_of_variables: 1, typical_x: 0
1 20 0 0 0 0.5163897234227921 -0.21650527969679909 0.029014673569134175 60.601698536147325 -119.46790892324069 17.058581121775507
2 40 0 0 0 0.5241690119677902 -0.16223792179091873 0.021086376308718107 61.163492250181285 -123.37689840176775 15.233818251580123
3 60 0 0 0 0.5094162273230569 -0.17038529808971375 0.028406923320870588 59.96288093611295 -120.71451623173618 11.240802259975965
4 80 0 0 0 0.4848108830688999 -0.20738401310080196 0.05630871302221645 58.20759033273339 -120.54396408487912 12.490492777259817
5 100 0 0 0 0.505782443356457 -0.17443165863418297 0.024236670825321795 57.51731152186458 -118.95092034017415 12.542724570602925
6 120 0 0 0 0.49933096886047423 -0.2051894895972139 0.07349685100870189 56.41018800208558 -115.47707588174197 15.554635215674743
7 140 0 0 0 0.4961700943094911 -0.20631885667735486 0.04754115826862318 54.69524900820804 -115.05951576866836 15.109650617000552
8 160 0 0 0 0.48332613735638835 -0.21852204194139768 0.050237524134314385 50.775875749415185 -115.01242633016408 16.768347902506246
9 180 0 0 0 0.4744191451836633 -0.22510024253055738 0.018744297182794925 45.923295482924274 -113.57999812116817 19.364720547822287
10 200 0 0 0 0.48684015194547564 -0.24597581854940923 -0.010431020667609672 45.697111257284135 -110.63716906659953 27.22837112424204
11 220 0 0 0 0.49011159447408265 -0.24946572497709396 -0.03422011433816071 45.10538545008668 -111.7452678255069 28.87001922922898
12 240 0 0 0 0.5122511441562254 -0.2928659948520496 -0.029897071338523852 48.72700132870449 -108.67502902066663 33.352501277384036
13 260 0 0 0 0.4910472498794835 -0.2839961411617492 -0.020521982409254933 48.14761527566819 -114.07918361047565 34.643877860716
14 280 0 0 0 0.5271750117464568 -0.26726915699843334 -0.020985863061476383 52.102992445040975 -110.58579856181584 33.68455594832096
15 300 0 0 0 0.52133590261232 -0.28107300845457645 -0.02521454013150312 51.18863390768594 -107.8597455329481 26.08206958938768
16 320 0 0 0 0.5334688530202223 -0.2603613292047557 -0.0046487644313748504 55.595658760890295 -111.42653867537788 25.390356788210713
17 340 0 0 0 0.5345281905517288 -0.26715949213585155 -0.03485260806448996 56.274403748747126 -109.73949448108861 31.528632538293774
18 360 0 0 0 0.5331131596884962 -0.27370190930937155 0.0005464664555957638 61.3589488132625 -116.14972605402659 22.108749109331526
19 380 0 0 0 0.5203655332750039 -0.2731736592907902 0.008839935560576216 54.90666612838092 -111.3310070466949 19.13228167050239
20 400 0 0 0 0.49930149912435107 -0.2744933891788854 -0.004099856598676961 47.48989118011196 -105.60460680273827 22.824666129173362
21 420 0 0 0 0.5021999429070445 -0.23975591288899029 0.017841623592759714 48.37777890669737 -103.33992095386138 15.770930662037268
22 440 0 0 0 0.4838798143253866 -0.26809964131753666 0.016935329534099715 46.27222857944895 -104.79276753465803 14.091121444888923
23 460 0 0 0 0.4970762637130685 -0.266180993762102 0.021193606493162348 48.751169842574164 -103.74038369927702 14.769791727265977
24 480 0 0 0 0.4824810873693106 -0.25472156271138635 0.02583923149994231 45.071321067254964 -103.52420281169591 13.105886687068342
25 500 0 0 0 0.45722040455567775 -0.24517631473616938 0.02219580403575249 41.038719014786665 -105.99464239537537 14.688163499144856
26 520 0 0 0 0.4480713352778768 -0.23826312229306693 0.02909372187117346 39.39956470741856 -108.56953731847274 12.409397852889123
27 540 0 0 0 0.4501070299061766 -0.2356475937401477 0.0331560121847812 43.381680809693016 -115.06314399889676 11.027281814762983
28 560 0 0 0 0.44316493232025156 -0.24786175381994063 0.03833774181174218 41.28375118312284 -111.75718360339178 9.36415590524447
29 580 0 0 0 0.433823791104731 -0.2530166312283026 0.028326473234923138 37.463923487815634 -109.29292382352784 11.146639747538893
30 600 0 0 0 0.43116495586612036 -0.2535820568087782 0.035733825890500066 37.150363118319326 -108.46366111126774 9.876012121312293
31 620 0 0 0 0.42569812433225224 -0.23921553271482807 0.033191880440933595 34.52401027930112 -107.32172376654577 10.834174703228618
32 640 0 0 0 0.4323480965096864 -0.25233011235441566 0.028906137079983768 34.90131026702186 -105.5350878633474 11.025337267842836
33 660 0 0 0 0.411708054119869 -0.2490680816855326 0.029064092409516185 30.54351117002304 -105.77335439191508 11.741925678148707
34 680 0 0 0 0.4060161263454342 -0.2505137522925644 0.0259797906252581 29.04309672838924 -105.25250726892332 12.565995139665091
35 700 0 0 0 0.40533638571972336 -0.24982143172390467 0.02919708515049747 29.127186136109213 -105.38681137613928 11.351393115560134
36 720 0 0 0 0.4108793751343085 -0.252059753702914 0.021834267821125006 29.909445059447997 -105.08305007742902 12.557958501841485
37 740 0 0 0 0.4041368596520518 -0.2556118115453729 0.017507364314075468 28.015454344105525 -104.33265704442141 13.412608907413405
38 760 0 0 0 0.3954021029150475 -0.2556773415740998 0.018308487800794696 26.455246737423156 -104.69953326880183 13.31213605425968
39 780 0 0 0 0.38533120398373066 -0.25834469218713396 0.013887234681309897 24.184145966818374 -104.30417052808451 13.591488575510969
40 800 0 0 0 0.38185283026441413 -0.2510533839540727 0.0140053335546372 24.543023862365278 -107.8366223450607 13.579283454889445
41 820 0 0 0 0.3689785303123158 -0.24906962018369197 0.005606885450207428 20.663350357192556 -105.74583045803588 15.683424648394912
42 840 0 0 0 0.37757785355833706 -0.250209993871988 0.010118053041283093 22.721880500655367 -105.7712865344753 14.609461951115922
43 860 0 0 0 0.37669836827171355 -0.25368141513162223 0.009997509145470427 23.002911223145603 -106.64651936116874 14.554518281958956
44 880 0 0 0 0.3777208135047552 -0.25511985153492633 0.006682652239401982 23.26523408146427 -107.36891149897892 15.102760770584588
45 900 0 0 0 0.36794134749676666 -0.2518946817269026 0.007560731363399896 21.830506939447755 -108.6845298261739 15.009306938457415
46 920 0 0 0 0.37061919669459087 -0.25370852280976136 0.004793516019857016 21.632496713808937 -107.03119534135338 15.572967023152076
47 940 0 0 0 0.3609624516623023 -0.2512670325562275 0.007334097750076384 20.392852955796634 -108.9862466026738 15.113497504244833
48 960 0 0 0 0.35609999096511474 -0.2504004675361417 0.005823291753594135 19.60097982750054 -109.67653190289217 15.357358639473492
49 980 0 0 0 0.3591856495618542 -0.25324550699694326 0.007822789672948994 20.304494111756252 -109.70531210311347 14.873200084120345
50 1000 0 0 0 0.3584279249000708 -0.2510638127313484 0.007127739979508947 20.23595623901437 -110.17271583017411 15.049065561339983
51 1020 0 0 0 0.3571760309062805 -0.2512139726446225 0.00575854305532207 19.728435983449817 -109.37152065583125 15.310310107171603
52 1040 0 0 0 0.3540283688871325 -0.2504698028892724 0.005840893029371288 19.120464868541525 -109.63586823765975 15.23497098241677
53 1060 0 0 0 0.35535954671884806 -0.2511142712261811 0.0045856250196286905 19.165436634378846 -108.99999587868032 15.43333489946882
54 1080 0 0 0 0.3544745751482299 -0.25011766178020545 0.0025936771466033705 18.96468198882184 -109.07783925100907 15.873267833012848
55 1100 0 0 0 0.35340852103732484 -0.25146613063635637 0.0017981330710681055 18.580614397394367 -108.51804334087718 16.002914889340314
56 1120 0 0 0 0.3519314179333998 -0.250590611522298 0.002128276627536409 18.424905756482108 -108.98795396226014 15.948466345483157
57 1140 0 0 0 0.3514184294799081 -0.2500090275435657 0.00150902205709126 18.35369265641461 -109.18653862676703 16.08431876920134
58 1160 0 0 0 0.35177892989812626 -0.24976231476698155 0.0024191070354671875 18.443794278110826 -109.2115184439912 15.903070783513497
59 1180 0 0 0 0.3523927789002101 -0.25016566293043974 0.0021844562882656704 18.52526180238992 -109.02227374159303 15.9733977018177
60 1200 0 0 0 0.35251332736217106 -0.2504564140605853 0.0018931795530776183 18.44717515269644 -108.7389151787751 16.02057931000912
60 1200 0 0 0 0.35251332736217106 -0.2504564140605853 0.0018931795530776183 18.44717515269644 -108.7389151787751 16.02057931000912
