% # columns="iter, evals, sigma, 0, fitness, xbest" seed=3, Sat Feb 14 00:43:37 2026, <python>{}</python>
1 20 1.1125626908360962 0 -1.11938699646585 0.5276634717248144 -0.2658721194971169 -0.0029792734228358403 59.60085216442708 -117.01198290505678 22.0977129463286
2 40 1.2464857331606718 0 -1.0146078058842596 0.5385400959061045 -0.19652052691293148 -0.001287836046086347 67.61284095681108 -119.4944109338398 19.76449397067992
3 60 1.2022857284074997 0 -0.9852352902108436 0.4804796406928916 -0.1852082074818895 0.1469928154482034 61.33836410657458 -117.15945790754382 10.682462105269924
4 80 1.0387416325168517 0 -1.0018523731060818 0.4608676719344813 -0.21048477317253772 0.06736215059190959 55.757929929418424 -120.43360369954192 4.225984396695843
5 100 0.9241280894603668 0 -0.8656318413450605 0.4643196732809905 -0.1764854964168294 0.08626457519821436 54.33437232633676 -114.66896067941526 19.916832764296522
6 120 0.9356213867812093 0 -1.0143808419557812 0.48383357785588144 -0.1966194529717038 0.1359523524905262 54.08104640314966 -114.43585303769665 15.43242513547937
7 140 0.8477448833499984 0 -1.003035194375046 0.5140440548924886 -0.27667932291751585 0.05073613694960269 53.76843805907738 -115.66167163558929 18.025129183076686
8 160 0.9269075829983331 0 -1.061440313150359 0.47320338650833166 -0.22002337460751578 0.002836876957817043 47.914461139124136 -115.51968630196343 14.317469972582883
9 180 1.1593282290853653 0 -1.1854838425020495 0.45811735429855804 -0.218168360268993 -0.012118027145516436 43.01482896807906 -114.32988775450886 21.095336935260992
10 200 1.4652166612859978 0 -1.0773566396589036 0.4582167473876802 -0.18961689740145 -0.06349339861203067 36.993756208615096 -105.4746435979461 34.9469313693439
11 220 1.4536580678412214 0 -1.1249819909400238 0.49130077270695505 -0.2883689242838761 -0.03985022366461036 45.901391993408886 -115.28321056490844 29.819169801602413
12 240 1.506902886671874 0 -1.032183071508678 0.624975073015298 -0.3100765343733706 -0.00674731882973351 74.0352857028882 -115.29733112904117 31.84735184375489
13 260 1.4289992007150838 0 -1.0343737552722096 0.4500211978376272 -0.22480371484364264 0.040203924937261375 40.561433339951236 -108.83685781496435 33.6472425371154
14 280 1.2777984415529282 0 -1.0739589535832357 0.5693351068742274 -0.3077129304165002 -0.052538629209916934 51.61157753296514 -102.50324683072073 40.350762111878915
15 300 1.3650111253102264 0 -1.150796049508335 0.5127249250133409 -0.27590307977826845 0.0031973213827819445 53.25898984655711 -109.58851699597373 22.80661113601047
16 320 1.2085180625733614 0 -1.0999546196898033 0.5473461974171269 -0.23581155851545216 0.01957192241599265 61.89086484626375 -116.7391661240317 22.40222166027249
17 340 1.3574954094756384 0 -1.1114771221570285 0.5126748008192925 -0.23369600262379556 -0.07332983315650193 40.392348589580656 -96.71069755245911 39.672537139780985
18 360 1.3420590310711589 0 -1.1716986518701988 0.4839641013563769 -0.24326353100283854 0.02775803505102803 55.149377916330884 -118.36550429862334 13.512071361504429
19 380 1.356256088864385 0 -1.2151253362428136 0.49422737799204897 -0.25001741022747365 0.04053399329284329 45.958253920933146 -105.36537183203609 11.296357909820552
20 400 1.3723241226515852 0 -1.1596797144819564 0.49498903073730616 -0.25627512330435614 -0.02601528058539808 42.35625776972232 -97.18320119830956 25.412453374077906
21 420 1.5441877466159855 0 -1.2214112567004036 0.5243630181930511 -0.23575837642181707 0.035259925450831134 53.67572069401347 -101.82256326503328 11.814840144774925
22 440 1.4345409434960854 0 -1.1922622477124087 0.4547273649796581 -0.2902960237930237 0.015497098976518594 42.59473498173085 -108.16370792454755 13.903317802439776
23 460 1.1432072922803107 0 -1.2684709241245034 0.47155753333490613 -0.24253156901084266 0.02289652320876949 41.6500900189278 -99.75961353458283 12.387595282153747
24 480 1.0001231780562314 0 -1.2603718377180884 0.47095953814035313 -0.2390438945701847 0.023319596496788768 39.85531381666173 -101.7193340271726 14.219963013970785
25 500 1.0067507665988686 0 -1.2370674215311743 0.4321630016436325 -0.24034936482734862 0.0339278812189244 35.858914490135646 -107.78386784913278 13.00647061149188
26 520 1.08770373592865 0 -1.3000119299453181 0.41870378369773753 -0.2345451841269749 0.030503192333705163 29.697274625731207 -101.38574723617218 12.08732115248863
27 540 1.1597875320615447 0 -1.2969646782837154 0.4412806172911029 -0.2372440724418477 0.06178429256564105 43.754592337536074 -117.86776458465623 4.889615618327442
28 560 1.0313674410217937 0 -1.2943650311886354 0.4772729910559146 -0.2592691245486133 0.05241944555458415 49.61820515402245 -112.91783891077489 6.432730092864997
29 580 0.9251707801095669 0 -1.3088586180525825 0.44032689334245567 -0.24225485129444335 0.02377731080934674 37.634566150672526 -109.57748642874424 12.147682122615386
30 600 0.7862389964530997 0 -1.3406953351884114 0.4260933801589934 -0.2605616046708422 0.03691938789859564 35.101798033706366 -107.53377068576293 9.197066203692842
31 620 0.8052396861642866 0 -1.3091407741423384 0.4342307159142042 -0.23626233378627917 0.03199008218285167 35.23204689159135 -106.16505091771114 11.119480270975739
32 640 0.7251781620071911 0 -1.3176290470214238 0.4169014862185718 -0.23717159375259111 0.028165447470924445 33.94161301620042 -112.80745927305132 12.356167772020363
33 660 0.7283066228915274 0 -1.323022698108808 0.3909842584989026 -0.2442453797723562 0.015735104672465985 25.12053473712195 -106.34024549714447 14.875916668971577
34 680 0.6900508473344369 0 -1.3301041191345044 0.4236852061315872 -0.25355700659153263 0.025590998624414527 32.11771534127941 -102.93721569680282 12.599025368254182
35 700 0.5818957930290815 0 -1.3394077888999227 0.3930352321361111 -0.245302948331342 0.03416067518129218 27.33014950541532 -107.31085351457408 10.360366515689327
36 720 0.5551478154753591 0 -1.3450809769886618 0.4038604858751873 -0.2527267885119737 0.013487592054059604 27.85679936136069 -103.48287968104778 13.461626050660378
37 740 0.5337848736473925 0 -1.352103206031743 0.40449961052288363 -0.25035791349187786 0.015543544717213413 28.730458674744536 -106.9800548933413 13.864062624235071
38 760 0.49405791326271176 0 -1.3512914392508606 0.4044212793876597 -0.2589816934678276 0.020995477177196263 28.2389917047478 -103.1453849742711 12.644531529544368
39 780 0.6068938881794271 0 -1.3616744293248213 0.3730287923996116 -0.26117966590985403 0.006713499537258492 21.902607915416926 -104.94716922500824 14.614845818976688
40 800 0.6908072941819836 0 -1.3602319626293795 0.372497243412424 -0.25820934463453143 0.015136048652441017 24.133340220132016 -111.24163856331339 12.764624356879919
41 820 0.7228281409912065 0 -1.3648397215150632 0.35268932347226456 -0.2524583585626997 0.0017320012976551023 16.64804852090556 -103.77097269824277 16.07905656597995
42 840 0.5527029148712037 0 -1.3574680908105652 0.3770382662111898 -0.24797591985467374 0.009067052253061612 21.97959752404188 -105.23864744230416 14.851091070347925
43 860 0.4762637097167723 0 -1.3626532718312114 0.37587842421244044 -0.2552373542463188 0.014257371402573032 23.13574048984653 -107.9412341388549 13.488774023404881
44 880 0.46822221296997135 0 -1.3676757778186572 0.3677875303107267 -0.2532815365075089 0.004501288589253946 21.994707135281367 -110.20452638791176 15.497526507911331
45 900 0.45324421074086735 0 -1.3692926358793946 0.36412704554346925 -0.2502189560409308 0.006489554328318594 20.922808456160038 -109.0493385932398 15.260259996810023
46 920 0.3901940832287612 0 -1.3679063887515164 0.3647227078646883 -0.25042115102746193 0.004971484819593589 20.57491629565187 -107.96941893484738 15.69987288108628
47 940 0.40685135236743764 0 -1.3696558089185116 0.35265761421075154 -0.24865274836334683 0.007565689536722342 19.08582469769316 -110.50280853534078 15.243708191122117
48 960 0.3914360139588469 0 -1.3706449082208305 0.35597957587731366 -0.24980581146860942 0.0038476699403202624 18.795608121410876 -107.44461781897205 15.91999174579958
49 980 0.3703351161808832 0 -1.3698367823336564 0.35108550342752887 -0.2520597626729824 0.01022104906565888 19.131528984428932 -111.25421248783758 14.503720462594396
50 1000 0.3066888920898854 0 -1.3694504166651558 0.35355464522344504 -0.24500889280474436 0.0028936160802195887 18.98662117973749 -110.37430866437985 15.972472468933862
51 1020 0.2828804607633045 0 -1.3709565824255652 0.35255483610149435 -0.2521198854400967 0.004450866718879775 19.163242495124216 -110.19249153405518 15.494284281520219
52 1040 0.2644754465855982 0 -1.370792518071783 0.3533762934567155 -0.24933034644917818 0.004331181102303097 18.951509871163445 -110.15515519434067 15.523302273481606
53 1060 0.25374077597820593 0 -1.3716225841561227 0.3566364187587754 -0.2507261574185019 0.0034928542496145154 19.479226440431038 -109.05829403965029 15.629194122652551
54 1080 0.2606124171398257 0 -1.3718582354345905 0.3556958319198818 -0.24965135729675111 0.0005715372070546603 18.91953016309872 -108.31370871534523 16.271218359639107
55 1100 0.2689892937613755 0 -1.3718060184831762 0.35554966534591254 -0.25189381160429125 0.002146878468214798 18.891044122929745 -108.33049387235076 15.934003559269232
56 1120 0.21880062907750628 0 -1.3716626973239752 0.3536980387263295 -0.25157036708578134 -8.549319137010798e-05 18.274582128068218 -107.52157312909105 16.37284837884815
57 1140 0.18658654691149368 0 -1.3719525760608962 0.3530234933601716 -0.25141235132500805 0.0001306783176835422 18.302840912412474 -107.91470858530411 16.363327579416453
58 1160 0.16573313179345392 0 -1.3722073080846202 0.35138128223462733 -0.25017309528439935 0.004883255658541274 18.56822405219961 -109.68427547022489 15.418600821898124
59 1180 0.14249662366997148 0 -1.3716972869551074 0.3521854954149898 -0.2505226119343796 0.0015065620968271924 18.243832321869576 -108.33024260561842 16.068744961081283
60 1200 0.12187629917110887 0 -1.3718787071535017 0.3531540852370284 -0.25025660477333866 -0.00024110111523603 18.256858156774506 -108.07419419952492 16.451382890816692
60 1200 0.12187629917110887 0 -1.3718787071535017 0.3531540852370284 -0.25025660477333866 -0.00024110111523603 18.256858156774506 -108.07419419952492 16.451382890816692
