% # columns="iteration, evaluation, min max(neg(.)) min(pos(.)) max correlation, correlation matrix principal axes lengths  (sorted square roots of eigenvalues of correlation matrix)", seed=522807, Sat Nov 29 16:57:44 2025
1 15 -0.12400485145369511 -0.03995649623593857 0.03385735956737407 0.1579724632167332 0.8667071673784357 0.9647225169006246 0.9719760611975271 1.009525697985369 1.0511966732583067 1.117691865898888
2 30 -0.12400485145369511 -0.03995649623593857 0.03385735956737407 0.1579724632167332 0.8667071673784357 0.9647225169006246 0.9719760611975271 1.009525697985369 1.0511966732583067 1.117691865898888
3 45 -0.12400485145369511 -0.03995649623593857 0.03385735956737407 0.1579724632167332 0.8667071673784357 0.9647225169006246 0.9719760611975271 1.009525697985369 1.0511966732583067 1.117691865898888
4 60 -0.12400485145369511 -0.03995649623593857 0.03385735956737407 0.1579724632167332 0.8667071673784357 0.9647225169006246 0.9719760611975271 1.009525697985369 1.0511966732583067 1.117691865898888
5 75 -0.12400485145369511 -0.03995649623593857 0.03385735956737407 0.1579724632167332 0.8667071673784357 0.9647225169006246 0.9719760611975271 1.009525697985369 1.0511966732583067 1.117691865898888
6 90 -0.12400485145369511 -0.03995649623593857 0.03385735956737407 0.1579724632167332 0.8667071673784357 0.9647225169006246 0.9719760611975271 1.009525697985369 1.0511966732583067 1.117691865898888
7 105 -0.3703962007222682 -0.14110456543461825 0.12482462615748283 0.34097546205151136 0.663335006300191 0.859219295977054 0.8948371010614091 0.9608783489552174 1.1933600743808133 1.2936769166930173
8 120 -0.3703962007222682 -0.14110456543461825 0.12482462615748283 0.34097546205151136 0.663335006300191 0.859219295977054 0.8948371010614091 0.9608783489552174 1.1933600743808133 1.2936769166930173
9 135 -0.3703962007222682 -0.14110456543461825 0.12482462615748283 0.34097546205151136 0.663335006300191 0.859219295977054 0.8948371010614091 0.9608783489552174 1.1933600743808133 1.2936769166930173
10 150 -0.3703962007222682 -0.14110456543461825 0.12482462615748283 0.34097546205151136 0.663335006300191 0.859219295977054 0.8948371010614091 0.9608783489552174 1.1933600743808133 1.2936769166930173
11 165 -0.3703962007222682 -0.14110456543461825 0.12482462615748283 0.34097546205151136 0.663335006300191 0.859219295977054 0.8948371010614091 0.9608783489552174 1.1933600743808133 1.2936769166930173
12 180 -0.3703962007222682 -0.14110456543461825 0.12482462615748283 0.34097546205151136 0.663335006300191 0.859219295977054 0.8948371010614091 0.9608783489552174 1.1933600743808133 1.2936769166930173
13 195 -0.5169387323246974 -0.16445881768873843 0.17178374249394252 0.6087949587518409 0.4992150691473097 0.6705051042571252 0.8365697969352429 0.9432922938027277 1.197457626474786 1.509189542770183
14 210 -0.5169387323246974 -0.16445881768873843 0.17178374249394252 0.6087949587518409 0.4992150691473097 0.6705051042571252 0.8365697969352429 0.9432922938027277 1.197457626474786 1.509189542770183
15 225 -0.5169387323246974 -0.16445881768873843 0.17178374249394252 0.6087949587518409 0.4992150691473097 0.6705051042571252 0.8365697969352429 0.9432922938027277 1.197457626474786 1.509189542770183
16 240 -0.5169387323246974 -0.16445881768873843 0.17178374249394252 0.6087949587518409 0.4992150691473097 0.6705051042571252 0.8365697969352429 0.9432922938027277 1.197457626474786 1.509189542770183
17 255 -0.5169387323246974 -0.16445881768873843 0.17178374249394252 0.6087949587518409 0.4992150691473097 0.6705051042571252 0.8365697969352429 0.9432922938027277 1.197457626474786 1.509189542770183
18 270 -0.5169387323246974 -0.16445881768873843 0.17178374249394252 0.6087949587518409 0.4992150691473097 0.6705051042571252 0.8365697969352429 0.9432922938027277 1.197457626474786 1.509189542770183
19 285 -0.8085073057440582 -0.41700300472239993 0.24009634663131424 0.7756434065656965 0.31783918660842664 0.47858892544969733 0.7472956479933186 0.8905864312830093 1.1217650250781812 1.749279606955156
20 300 -0.8085073057440582 -0.41700300472239993 0.24009634663131424 0.7756434065656965 0.31783918660842664 0.47858892544969733 0.7472956479933186 0.8905864312830093 1.1217650250781812 1.749279606955156
21 315 -0.8085073057440582 -0.41700300472239993 0.24009634663131424 0.7756434065656965 0.31783918660842664 0.47858892544969733 0.7472956479933186 0.8905864312830093 1.1217650250781812 1.749279606955156
22 330 -0.8085073057440582 -0.41700300472239993 0.24009634663131424 0.7756434065656965 0.31783918660842664 0.47858892544969733 0.7472956479933186 0.8905864312830093 1.1217650250781812 1.749279606955156
23 345 -0.8085073057440582 -0.41700300472239993 0.24009634663131424 0.7756434065656965 0.31783918660842664 0.47858892544969733 0.7472956479933186 0.8905864312830093 1.1217650250781812 1.749279606955156
24 360 -0.8085073057440582 -0.41700300472239993 0.24009634663131424 0.7756434065656965 0.31783918660842664 0.47858892544969733 0.7472956479933186 0.8905864312830093 1.1217650250781812 1.749279606955156
25 375 -0.8781160438976734 -0.6428067942356402 0.45250062350540565 0.7918531629308492 0.15804362090795337 0.3418452551164759 0.5879586306185932 0.7696448904205099 1.0955531252578932 1.9286987262175057
26 390 -0.8781160438976734 -0.6428067942356402 0.45250062350540565 0.7918531629308492 0.15804362090795337 0.3418452551164759 0.5879586306185932 0.7696448904205099 1.0955531252578932 1.9286987262175057
27 405 -0.8781160438976734 -0.6428067942356402 0.45250062350540565 0.7918531629308492 0.15804362090795337 0.3418452551164759 0.5879586306185932 0.7696448904205099 1.0955531252578932 1.9286987262175057
28 420 -0.8781160438976734 -0.6428067942356402 0.45250062350540565 0.7918531629308492 0.15804362090795337 0.3418452551164759 0.5879586306185932 0.7696448904205099 1.0955531252578932 1.9286987262175057
29 435 -0.8781160438976734 -0.6428067942356402 0.45250062350540565 0.7918531629308492 0.15804362090795337 0.3418452551164759 0.5879586306185932 0.7696448904205099 1.0955531252578932 1.9286987262175057
30 450 -0.8781160438976734 -0.6428067942356402 0.45250062350540565 0.7918531629308492 0.15804362090795337 0.3418452551164759 0.5879586306185932 0.7696448904205099 1.0955531252578932 1.9286987262175057
31 465 -0.9174249073205507 -0.7298811963429238 0.6342045438914644 0.8258015955281593 0.15093520929274198 0.2341387370781951 0.462244351247899 0.6073211105227013 1.0272873432450513 2.0699201813733277
32 480 -0.9174249073205507 -0.7298811963429238 0.6342045438914644 0.8258015955281593 0.15093520929274198 0.2341387370781951 0.462244351247899 0.6073211105227013 1.0272873432450513 2.0699201813733277
33 495 -0.9174249073205507 -0.7298811963429238 0.6342045438914644 0.8258015955281593 0.15093520929274198 0.2341387370781951 0.462244351247899 0.6073211105227013 1.0272873432450513 2.0699201813733277
34 510 -0.9174249073205507 -0.7298811963429238 0.6342045438914644 0.8258015955281593 0.15093520929274198 0.2341387370781951 0.462244351247899 0.6073211105227013 1.0272873432450513 2.0699201813733277
