% # columns="iteration, evaluation, sigma, max axis length,  min axis length, all principal axes lengths  (sorted square roots of eigenvalues of C)", seed=3, Sat Feb 14 15:23:34 2026
1 20 0.8483712786120808 1.0000416675347343 1.0 1.0 1.0000083333680556 1.0000166668055563 1.0000250003125026 1.0000333338888951 1.0000416675347343
2 40 0.7829773182036077 1.1085816174304903 0.7968224284868345 0.7968224284868345 0.9170770289631442 0.9404780629586119 0.9965265749733927 1.0017188724680983 1.1085816174304903
3 60 0.8608334847199193 1.1300391920164654 0.6682896849575555 0.6682896849575555 0.8610966428193845 0.9193147405009614 0.9617681938265794 1.0284858852714995 1.1300391920164654
4 80 0.6946002272997435 1.3415534256463273 0.5936838522253263 0.5936838522253263 0.8037636684775494 0.9078404606482394 0.9866180369968839 1.0274889834077103 1.3415534256463273
5 100 0.6933580341390685 1.3253160827035755 0.4973399587845427 0.4973399587845427 0.7348414167977584 0.9115735905183161 0.9804690516589788 1.0244771499604832 1.3253160827035755
6 120 0.5781195718386772 1.3687391225322192 0.43689762041449137 0.43689762041449137 0.7213612790871547 0.9300713095833677 0.9337050320284013 1.0618615844856136 1.3687391225322192
7 140 0.500644158743995 1.50302602665284 0.37792787939867367 0.37792787939867367 0.6211417301297566 0.9070158331651287 0.9250568162421526 1.0176214432609514 1.50302602665284
8 160 0.47726677274185936 1.4665557980972577 0.32193813866340154 0.32193813866340154 0.6138405735753265 0.8831091921413121 0.9361922678399633 1.0086792683529107 1.4665557980972577
9 180 0.4998599347262702 1.4946382415844772 0.28901718660415654 0.28901718660415654 0.5748317226727582 0.8348809917004677 0.9414351751143798 1.0646695646788389 1.4946382415844772
10 200 0.4964848227632167 1.5505767259125371 0.2201621670947575 0.2201621670947575 0.602761795651509 0.8241858033474379 0.9238206031325297 1.0923534674483086 1.5505767259125371
11 220 0.45556138299276405 1.6065939663325963 0.20901206208925535 0.20901206208925535 0.525571161995177 0.7636009334952448 0.9150325515397106 1.0985883464240545 1.6065939663325963
12 240 0.45810411418367614 1.6383964190617961 0.18495959478983673 0.18495959478983673 0.48566925311652803 0.7345280963972862 0.8695154177285226 1.099905940495189 1.6383964190617961
13 260 0.5018220178195592 1.637298316122221 0.17956618248050965 0.17956618248050965 0.44061706302521153 0.7414138401573129 0.8349150043293377 1.089368280158887 1.637298316122221
14 280 0.5587587644165447 1.7301816547043958 0.1721581174032716 0.1721581174032716 0.3934376725079217 0.726613416115019 0.7805336026036691 1.1347798565336706 1.7301816547043958
15 300 0.6806461647697247 1.6996794965200968 0.1683540241128695 0.1683540241128695 0.3556358613373873 0.6949660141270445 0.7889803204019539 1.2527083480937926 1.6996794965200968
16 320 0.7676728152413993 1.553692542350639 0.16283551178890293 0.16283551178890293 0.3460195007445431 0.6797856557258479 0.8264213455263052 1.2159671057864236 1.553692542350639
17 340 0.7183803504713967 1.6053730499696481 0.15171138431972195 0.15171138431972195 0.31940909052337796 0.6212391467322326 0.8153647878556073 1.301887341690953 1.6053730499696481
18 360 0.6299564182531505 1.565403635534839 0.13365026266159968 0.13365026266159968 0.29566363549988367 0.6198095186367868 0.8297024643566605 1.2677828726636917 1.565403635534839
19 380 0.5418517600790191 1.5558985523858273 0.122958562087521 0.122958562087521 0.2781756234453521 0.6044030971246975 0.7418057684523358 1.333391208508086 1.5558985523858273
20 400 0.5226224063543005 1.4559763448208995 0.12325212718171873 0.12325212718171873 0.23982731421465756 0.5926302015008647 0.716892664313913 1.3310194534087696 1.4559763448208995
21 420 0.5416582978675204 1.3325339193671175 0.1158968157207054 0.1158968157207054 0.23649978241449146 0.5749620388949949 0.7266359610403809 1.2805377378933924 1.3325339193671175
22 440 0.5237009310074652 1.3027911541752766 0.10579580423273824 0.10579580423273824 0.21920114413951572 0.5756837168813769 0.7213450635473501 1.2604400319009288 1.3027911541752766
23 460 0.5003591263111004 1.2738850601670977 0.09539158533339666 0.09539158533339666 0.19969308535581334 0.5510807804761384 0.7694945230082338 1.2425140758652375 1.2738850601670977
24 480 0.4806979194205504 1.3295514715450714 0.09637926852239757 0.09637926852239757 0.18362188500562843 0.5311869222405264 0.7491548229914452 1.1222462915419038 1.3295514715450714
25 500 0.5311620125306542 1.3268185894572693 0.0903799890653016 0.0903799890653016 0.1733807873588876 0.47363768991452 0.7552259023938075 1.06739782430056 1.3268185894572693
26 520 0.5727614334319472 1.2702549355160582 0.08849267685023775 0.08849267685023775 0.16250400338595408 0.45930336520073206 0.6980814538389891 1.1275764972466957 1.2702549355160582
27 540 0.597314583489068 1.3645371938181203 0.07508205473818555 0.07508205473818555 0.15904338453574768 0.4298273714461388 0.7163667339710842 1.11572677462965 1.3645371938181203
28 560 0.5143604416680572 1.3062506923427364 0.07002444402669364 0.07002444402669364 0.15305043555047365 0.4105900635126273 0.7495053986846149 1.0670350567630842 1.3062506923427364
29 580 0.4519125839360084 1.264011080600104 0.06457138747905702 0.06457138747905702 0.1306305508842177 0.4091441363807959 0.7298511688849515 1.0326036222163315 1.264011080600104
30 600 0.40818054472427334 1.1654555443848185 0.05973388607938136 0.05973388607938136 0.12079186606441784 0.39979151387710565 0.6928714029458648 1.024773829273307 1.1654555443848185
31 620 0.4128917954168527 1.119185258666425 0.058540024391000985 0.058540024391000985 0.10508240730151179 0.3822692237006025 0.6490440980587804 1.000414856013834 1.119185258666425
32 640 0.3910391970583815 1.067287428928612 0.05768838699671861 0.05768838699671861 0.09354915178697795 0.39856105450007595 0.6035096376582747 0.9524742765797262 1.067287428928612
33 660 0.3695635473341029 1.026618823571436 0.05465767060149465 0.05465767060149465 0.08470027242316731 0.40908077666964304 0.6451697623176103 0.9255335615972995 1.026618823571436
34 680 0.3819545416407783 1.022419974540058 0.05482584907057869 0.05482584907057869 0.0733441656936861 0.40037572616679984 0.6119607692605379 0.906253002528411 1.022419974540058
35 700 0.3297025761230097 0.9978031474291843 0.051073098840877594 0.051073098840877594 0.07176548007391215 0.38939313369313083 0.5999563006151769 0.8911226920745929 0.9978031474291843
36 720 0.3562256068088146 0.9661687039610343 0.046127150091006486 0.046127150091006486 0.06605146691662755 0.371827208876059 0.5477805481880497 0.8790897179130512 0.9661687039610343
37 740 0.2978201771336707 0.954219413621906 0.04475171860374834 0.04475171860374834 0.06647623756790978 0.36079428122539503 0.49526989015430023 0.8754769302481167 0.954219413621906
38 760 0.2585038198976728 0.893180042505705 0.03991720736098111 0.03991720736098111 0.06019209784105209 0.34801351450050694 0.4746278187211808 0.8803073412652226 0.893180042505705
39 780 0.23496327218558816 0.8696322799536621 0.03600020208529307 0.03600020208529307 0.06130907132133339 0.32656690978390973 0.4633122457676035 0.7630754751022246 0.8696322799536621
40 800 0.22518858101414505 0.8187923962666671 0.03275287680791223 0.03275287680791223 0.062389576289211934 0.31369874505745066 0.45093850445984524 0.6972922843291521 0.8187923962666671
41 820 0.16803949062585813 0.7863129164386363 0.0324816413653461 0.0324816413653461 0.05458114526154838 0.31455090911710476 0.4363459595265054 0.6704442061686937 0.7863129164386363
42 840 0.18861770556679192 0.7451105628829425 0.030801533899139824 0.030801533899139824 0.04859721463164051 0.30674315127426965 0.4279794660170548 0.6463811514909353 0.7451105628829425
43 860 0.1564801587650097 0.7667490719663989 0.02844546862616457 0.02844546862616457 0.05078231402534996 0.3041356105392665 0.4113820877795097 0.6179739589873068 0.7667490719663989
44 880 0.14918861927568153 0.7170493452718755 0.027618630779902762 0.027618630779902762 0.05124677947591642 0.285149283264486 0.3941012007483629 0.5668670565252241 0.7170493452718755
45 900 0.12483510140994683 0.6939636520917646 0.02565676057926045 0.02565676057926045 0.04765835647571643 0.2900642681963067 0.35250083205574767 0.561695713254082 0.6939636520917646
46 920 0.10865838804355359 0.6740337250647129 0.025286496265764104 0.025286496265764104 0.046666215115989645 0.25899942366343803 0.32345031568902927 0.5310973492647019 0.6740337250647129
47 940 0.09277984839186022 0.630215715436414 0.02450725945325402 0.02450725945325402 0.043901555826167483 0.23259319057814323 0.3144442466475925 0.5330806207143853 0.630215715436414
48 960 0.08425665178914958 0.6566907096564519 0.02492054027772632 0.02492054027772632 0.04230872159770155 0.20931445767046944 0.2908659597838922 0.5427385155487766 0.6566907096564519
49 980 0.07552768999296167 0.6607141388963118 0.023708893544611767 0.023708893544611767 0.039973385778627454 0.20064802144690674 0.2699782080502968 0.5132598162251875 0.6607141388963118
50 1000 0.06453266190854534 0.7409230872033914 0.022351582101959196 0.022351582101959196 0.036770436213712406 0.18313721217932305 0.26963963962547693 0.4857450170973443 0.7409230872033914
51 1020 0.059268951276157444 0.7282366037818384 0.021619048037308984 0.021619048037308984 0.03614888944981644 0.1806080776939395 0.2547597978352752 0.4496653741395408 0.7282366037818384
52 1040 0.06732635877377903 0.7214797196672948 0.019421495392300654 0.019421495392300654 0.03508964470680341 0.17440598345899083 0.2553727531000598 0.42457721717667474 0.7214797196672948
53 1060 0.06373886029402974 0.7655554782932086 0.020652050531498666 0.020652050531498666 0.03441024833018276 0.159198194719595 0.24132761347369946 0.4050658489120223 0.7655554782932086
54 1080 0.07023972565040086 0.7160156090563972 0.0202001033076127 0.0202001033076127 0.03585891055123037 0.1461157003384742 0.23583727147106207 0.40764179098584863 0.7160156090563972
55 1100 0.06114756056460178 0.699566664107865 0.020282850591886326 0.020282850591886326 0.035829210507323864 0.14465897951823 0.2613057443225049 0.4050348752444485 0.699566664107865
56 1120 0.05676589760983351 0.6588607206017285 0.019596048725261786 0.019596048725261786 0.03419791602096645 0.13645765716834085 0.2470294536255865 0.39404051729186673 0.6588607206017285
57 1140 0.05177757525930094 0.6063025816725287 0.01880420140445494 0.01880420140445494 0.03453330351669757 0.1412575418023416 0.2257150162232286 0.39916562446009085 0.6063025816725287
58 1160 0.0504992227004485 0.5069469260997392 0.018085243422176083 0.018085243422176083 0.03502038721891675 0.134275643047459 0.23299405357649033 0.4046417296443219 0.5069469260997392
59 1180 0.0528221512436352 0.49302858936287813 0.01814958190941995 0.01814958190941995 0.03315297143094614 0.1265470829185005 0.23892684620209348 0.3657884483492264 0.49302858936287813
60 1200 0.055101852884763956 0.4893439212447277 0.017245100390100923 0.017245100390100923 0.035081187466558535 0.12149090170874609 0.22232450896904515 0.3562428482329697 0.4893439212447277
60 1200 0.055101852884763956 0.4893439212447277 0.017245100390100923 0.017245100390100923 0.035081187466558535 0.12149090170874609 0.22232450896904515 0.3562428482329697 0.4893439212447277
