% # columns="iteration, evaluation, min max(neg(.)) min(pos(.)) max correlation, correlation matrix principal axes lengths  (sorted square roots of eigenvalues of correlation matrix)", seed=3, Sat Feb 14 15:23:34 2026
1 20 -0.0833006830092918 -0.06364862455553749 0.08739577234304663 0.12956288238297475 0.8483487661483529 0.9447429974138474 0.9852020993754085 1.0197519915999218 1.0622504476454362 1.1175292950537887
2 40 -0.128449595541475 -0.051834986338577194 0.11948517711398035 0.2534418329708265 0.8483487661483529 0.9447429974138474 0.9852020993754085 1.0197519915999218 1.0622504476454362 1.1175292950537887
3 60 -0.22885236392115954 -0.11773529597965714 0.12312637612614832 0.386218132123332 0.8483487661483529 0.9447429974138474 0.9852020993754085 1.0197519915999218 1.0622504476454362 1.1175292950537887
4 80 -0.25955883727736967 -0.13525459606290077 0.13088634837644242 0.44075102328409754 0.8483487661483529 0.9447429974138474 0.9852020993754085 1.0197519915999218 1.0622504476454362 1.1175292950537887
5 100 -0.26311433349696733 -0.17878191824207523 0.15563076549405325 0.44196188013248444 0.8483487661483529 0.9447429974138474 0.9852020993754085 1.0197519915999218 1.0622504476454362 1.1175292950537887
6 120 -0.32641977408790845 -0.18583041399560962 0.21699889594166571 0.5535483298777528 0.8483487661483529 0.9447429974138474 0.9852020993754085 1.0197519915999218 1.0622504476454362 1.1175292950537887
7 140 -0.32291003978716276 -0.1872346723173642 0.17475489086421325 0.5544870611971633 0.34674226720334256 0.7997435421205401 0.9287382240231619 1.0143674562327403 1.1230713549371354 1.4447819121462828
8 160 -0.3387768854477363 -0.21607001288360628 0.16406145156320273 0.523739982012987 0.34674226720334256 0.7997435421205401 0.9287382240231619 1.0143674562327403 1.1230713549371354 1.4447819121462828
9 180 -0.35234427231158777 -0.20530470056742506 0.16897192978770154 0.5353675861280143 0.34674226720334256 0.7997435421205401 0.9287382240231619 1.0143674562327403 1.1230713549371354 1.4447819121462828
10 200 -0.4800500893996505 -0.2687805263109519 0.2748945013706754 0.5799442481589847 0.34674226720334256 0.7997435421205401 0.9287382240231619 1.0143674562327403 1.1230713549371354 1.4447819121462828
11 220 -0.5181423710561452 -0.29641314158696125 0.3068313453749899 0.6212908684756454 0.34674226720334256 0.7997435421205401 0.9287382240231619 1.0143674562327403 1.1230713549371354 1.4447819121462828
12 240 -0.6168946305138105 -0.2710187165313959 0.27354226080369476 0.638076960011257 0.34674226720334256 0.7997435421205401 0.9287382240231619 1.0143674562327403 1.1230713549371354 1.4447819121462828
13 260 -0.7220906781749082 -0.291462777408647 0.3500526109532074 0.6677944521017797 0.17461704996164232 0.49031022717769973 0.8349397399829595 0.9017161764882222 1.2805005189194025 1.6059908952704047
14 280 -0.8133720521674602 -0.2624554482026381 0.277143243717851 0.6669392022754201 0.17461704996164232 0.49031022717769973 0.8349397399829595 0.9017161764882222 1.2805005189194025 1.6059908952704047
15 300 -0.8487040596542195 -0.1823565029909334 0.22147084093397024 0.5930889114159831 0.17461704996164232 0.49031022717769973 0.8349397399829595 0.9017161764882222 1.2805005189194025 1.6059908952704047
16 320 -0.8795850369453883 -0.24221467251054124 0.2283187099615412 0.6246311066155893 0.17461704996164232 0.49031022717769973 0.8349397399829595 0.9017161764882222 1.2805005189194025 1.6059908952704047
17 340 -0.8980061545341291 -0.21266455388048836 0.21158268117069381 0.6391203817172014 0.17461704996164232 0.49031022717769973 0.8349397399829595 0.9017161764882222 1.2805005189194025 1.6059908952704047
18 360 -0.9305395069947098 -0.2312221622788984 0.18059854798865918 0.6701351678320794 0.17461704996164232 0.49031022717769973 0.8349397399829595 0.9017161764882222 1.2805005189194025 1.6059908952704047
19 380 -0.9361942001233766 -0.20716758726303672 0.16390005794716014 0.696086492578692 0.13481585052265013 0.28006252977914725 0.7479475494364043 0.9774212776859073 1.4078563210646453 1.551306660308918
20 400 -0.9282881787971475 -0.19939244695566968 0.143655927181388 0.7384502704564065 0.13481585052265013 0.28006252977914725 0.7479475494364043 0.9774212776859073 1.4078563210646453 1.551306660308918
21 420 -0.9358154934858867 -0.23411018275617584 0.12590002448482251 0.7329192358846425 0.13481585052265013 0.28006252977914725 0.7479475494364043 0.9774212776859073 1.4078563210646453 1.551306660308918
22 440 -0.9408057958360163 -0.229763757565475 0.13018639478485322 0.7856660942848112 0.13481585052265013 0.28006252977914725 0.7479475494364043 0.9774212776859073 1.4078563210646453 1.551306660308918
23 460 -0.9287415598764974 -0.20053793530181635 0.12983033302575941 0.7724245364605136 0.13481585052265013 0.28006252977914725 0.7479475494364043 0.9774212776859073 1.4078563210646453 1.551306660308918
24 480 -0.9242866226657375 -0.2133083823180924 0.1400103278821292 0.7736185103452408 0.13481585052265013 0.28006252977914725 0.7479475494364043 0.9774212776859073 1.4078563210646453 1.551306660308918
25 500 -0.94073669316338 -0.24431711976025902 0.25498777318868737 0.7875707836439434 0.12263584322370684 0.22626008068357112 0.6162473336312345 0.9956062482649733 1.4645241898414423 1.5549736799776646
26 520 -0.9411318477724261 -0.28387430216631443 0.2715575558817641 0.7341730003970992 0.12263584322370684 0.22626008068357112 0.6162473336312345 0.9956062482649733 1.4645241898414423 1.5549736799776646
27 540 -0.9450399845820775 -0.26192277877639 0.2526179213420069 0.7253947616688552 0.12263584322370684 0.22626008068357112 0.6162473336312345 0.9956062482649733 1.4645241898414423 1.5549736799776646
28 560 -0.9415486951036011 -0.3171828590734317 0.32272958752581243 0.7227496604846136 0.12263584322370684 0.22626008068357112 0.6162473336312345 0.9956062482649733 1.4645241898414423 1.5549736799776646
29 580 -0.9465297729876565 -0.32190167941248116 0.34200961053735174 0.7424254879238936 0.12263584322370684 0.22626008068357112 0.6162473336312345 0.9956062482649733 1.4645241898414423 1.5549736799776646
30 600 -0.9409356918289052 -0.3570141723027339 0.4192842062702439 0.7488557679994485 0.12263584322370684 0.22626008068357112 0.6162473336312345 0.9956062482649733 1.4645241898414423 1.5549736799776646
31 620 -0.9321520954261696 -0.3152574702277025 0.4171812537361336 0.7368680866858024 0.10249501881145429 0.159887477805069 0.612127716590714 1.0497293702777406 1.3116804448067012 1.6633679941700825
32 640 -0.92765966472726 -0.2631122850716216 0.33435333066733225 0.700906705905925 0.10249501881145429 0.159887477805069 0.612127716590714 1.0497293702777406 1.3116804448067012 1.6633679941700825
33 660 -0.9272570535571285 -0.26971291538852377 0.33576730667304516 0.7202064884208098 0.10249501881145429 0.159887477805069 0.612127716590714 1.0497293702777406 1.3116804448067012 1.6633679941700825
34 680 -0.9343904570747856 -0.2689131537589137 0.3729026472133108 0.7313466857386446 0.10249501881145429 0.159887477805069 0.612127716590714 1.0497293702777406 1.3116804448067012 1.6633679941700825
35 700 -0.9383543462801891 -0.2773296616154251 0.4291971121436764 0.7484322451713704 0.10249501881145429 0.159887477805069 0.612127716590714 1.0497293702777406 1.3116804448067012 1.6633679941700825
36 720 -0.9509967686704451 -0.3252813185381903 0.41058641723133865 0.7447197417639234 0.10249501881145429 0.159887477805069 0.612127716590714 1.0497293702777406 1.3116804448067012 1.6633679941700825
37 740 -0.9479792590144237 -0.33534362782603677 0.408438115104118 0.7455051938344363 0.08289401131146017 0.12174085003863287 0.67948909263833 0.957018757240188 1.2338666159881952 1.7545057975243032
38 760 -0.9485270720207715 -0.32677334446520334 0.39852736221799073 0.6908123139441567 0.08289401131146017 0.12174085003863287 0.67948909263833 0.957018757240188 1.2338666159881952 1.7545057975243032
39 780 -0.9479349830569703 -0.3572775579973062 0.3518523088270221 0.7216771539029395 0.08289401131146017 0.12174085003863287 0.67948909263833 0.957018757240188 1.2338666159881952 1.7545057975243032
40 800 -0.9427915373102086 -0.3703734025557731 0.3473408658186188 0.7548388622004122 0.08289401131146017 0.12174085003863287 0.67948909263833 0.957018757240188 1.2338666159881952 1.7545057975243032
41 820 -0.9441425916423397 -0.33263163882310737 0.33755459723532194 0.7575418977450167 0.08289401131146017 0.12174085003863287 0.67948909263833 0.957018757240188 1.2338666159881952 1.7545057975243032
42 840 -0.9410295309874617 -0.2945008696464663 0.40081121835227584 0.7367379434598782 0.08289401131146017 0.12174085003863287 0.67948909263833 0.957018757240188 1.2338666159881952 1.7545057975243032
43 860 -0.9350309542216504 -0.24790930065217712 0.40936119793856784 0.7725415628267335 0.0777943359675865 0.14007902901879563 0.6558904966588723 1.058209364383941 1.3192162593118149 1.6382902568258686
44 880 -0.9262819791931582 -0.25289938112943283 0.4074207920496014 0.7575989437481367 0.0777943359675865 0.14007902901879563 0.6558904966588723 1.058209364383941 1.3192162593118149 1.6382902568258686
45 900 -0.930885383297524 -0.2540196629829261 0.42499808359703095 0.7439989831576898 0.0777943359675865 0.14007902901879563 0.6558904966588723 1.058209364383941 1.3192162593118149 1.6382902568258686
46 920 -0.935275064643804 -0.2971455619919432 0.4220874431628818 0.772730764691791 0.0777943359675865 0.14007902901879563 0.6558904966588723 1.058209364383941 1.3192162593118149 1.6382902568258686
47 940 -0.9573173688835688 -0.3837010070906194 0.36854996236467225 0.7791478971743249 0.0777943359675865 0.14007902901879563 0.6558904966588723 1.058209364383941 1.3192162593118149 1.6382902568258686
48 960 -0.9611300056809801 -0.33017184074999784 0.3557866323633039 0.7501430925984758 0.0777943359675865 0.14007902901879563 0.6558904966588723 1.058209364383941 1.3192162593118149 1.6382902568258686
49 980 -0.9721285429105024 -0.42740723554167204 0.2853338767594563 0.7011923641756989 0.07034870451070123 0.11309915027786313 0.5671959256387766 0.9455352055278999 1.2761287895912508 1.7714420429137792
50 1000 -0.971728995729794 -0.4533251333706533 0.29229062846978854 0.6686281116316579 0.07034870451070123 0.11309915027786313 0.5671959256387766 0.9455352055278999 1.2761287895912508 1.7714420429137792
51 1020 -0.9707286079132369 -0.47486938399604584 0.33215021762264774 0.6179084208305589 0.07034870451070123 0.11309915027786313 0.5671959256387766 0.9455352055278999 1.2761287895912508 1.7714420429137792
52 1040 -0.9702210995184983 -0.5256714199509989 0.3239690799601553 0.65916888189711 0.07034870451070123 0.11309915027786313 0.5671959256387766 0.9455352055278999 1.2761287895912508 1.7714420429137792
53 1060 -0.9690693969779529 -0.48442268598898175 0.32578803625476355 0.6398692309303088 0.07034870451070123 0.11309915027786313 0.5671959256387766 0.9455352055278999 1.2761287895912508 1.7714420429137792
54 1080 -0.9632897020407503 -0.45409811004134437 0.35550293615221507 0.6076606068241432 0.07034870451070123 0.11309915027786313 0.5671959256387766 0.9455352055278999 1.2761287895912508 1.7714420429137792
55 1100 -0.9631314036371637 -0.45184895678693815 0.3929626789114344 0.5939475532752871 0.07756181532797361 0.1302085683793506 0.56574559574969 0.9947037937064876 1.3844129837375867 1.6585918327479403
56 1120 -0.9546332716715403 -0.4417191629063451 0.3844209090008669 0.6187098359995243 0.07756181532797361 0.1302085683793506 0.56574559574969 0.9947037937064876 1.3844129837375867 1.6585918327479403
57 1140 -0.9537287136739723 -0.38344047058125336 0.36460668123434825 0.7129300990819705 0.07756181532797361 0.1302085683793506 0.56574559574969 0.9947037937064876 1.3844129837375867 1.6585918327479403
58 1160 -0.9525009398122763 -0.3737934716300251 0.3511861805598102 0.6799001992875975 0.07756181532797361 0.1302085683793506 0.56574559574969 0.9947037937064876 1.3844129837375867 1.6585918327479403
59 1180 -0.9449821624233801 -0.39858048216889264 0.32801788775400476 0.650400900088193 0.07756181532797361 0.1302085683793506 0.56574559574969 0.9947037937064876 1.3844129837375867 1.6585918327479403
60 1200 -0.9456111761090962 -0.3736726594804815 0.3373775642248573 0.6654085764064153 0.07756181532797361 0.1302085683793506 0.56574559574969 0.9947037937064876 1.3844129837375867 1.6585918327479403
60 1200 -0.9456111761090962 -0.3736726594804815 0.3373775642248573 0.6654085764064153 0.07756181532797361 0.1302085683793506 0.56574559574969 0.9947037937064876 1.3844129837375867 1.6585918327479403
