% # columns="iteration, evaluation, sigma, axis ratio, bestever, best, median, worst objective function value, interquartile range, 25%tile, current best feasible f-value, further/more values", seed=3, Sat Feb 14 15:23:34 2026, <python>{}</python>
1 20 0.8483712786120808 1.0000416675347343 -0.5037887389006344 -5.0378873890063436e-01 -0.3676121020166894 -0.2005914170680323 0.1117377837847211 -0.4199842294864792 nan   
2 40 0.7829773182036077 1.3912530292799192 -0.5037887389006344 -4.9409010237001594e-01 -0.3592289237482973 -0.2806397364018498 0.11737740909188776 -0.4189732401914046 nan   
3 60 0.8608334847199193 1.6909421429843505 -0.5363245206652794 -5.3632452066527936e-01 -0.396704624274611 -0.25357957325273206 0.08940238826407615 -0.4358548828408136 nan   
4 80 0.6946002272997435 2.259710148116266 -0.5363245206652794 -5.2882111774610896e-01 -0.3740096603209543 -0.26776930698607804 0.11939101983085926 -0.4351600133837059 nan   
5 100 0.6933580341390685 2.6648091698534286 -0.5363245206652794 -5.0047829325253657e-01 -0.41428682195482913 -0.3114021134669288 0.10622858724366507 -0.46440817844505006 nan   
6 120 0.5781195718386772 3.132860099429417 -0.5363245206652794 -5.0169662020291605e-01 -0.4326763100452518 -0.260569930020371 0.08352813654563701 -0.46742648018843586 nan   
7 140 0.500644158743995 3.977018125903613 -0.5363245206652794 -5.1696400693809164e-01 -0.4513915227973775 -0.30509356210727256 0.048013810322990735 -0.47470465804071316 nan   
8 160 0.47726677274185936 4.555396276396432 -0.5363245206652794 -5.1776426719470492e-01 -0.4698753166608618 -0.34779486152596284 0.04610511578236387 -0.49813545977043344 nan   
9 180 0.4998599347262702 5.171451079245202 -0.5363245206652794 -5.2181654873147421e-01 -0.47089080694321345 -0.4018316479113746 0.04397750677473494 -0.49435696072679436 nan   
10 200 0.4964848227632167 7.042884553571691 -0.5390839643016596 -5.3908396430165961e-01 -0.48832508274369607 -0.4436658386994328 0.0387840383206739 -0.5088635441574667 nan   
11 220 0.45556138299276405 7.686608850576889 -0.5390839643016596 -5.3806320424008047e-01 -0.48246687824809587 -0.37052118417070407 0.041606816780969336 -0.5087051755982179 nan   
12 240 0.45810411418367614 8.858131533665231 -0.550635428934066 -5.5063542893406603e-01 -0.5213077819929495 -0.4469600205470132 0.02088479082742356 -0.5311542704099708 nan   
13 260 0.5018220178195592 9.118077209777155 -0.5645169663934542 -5.6451696639345417e-01 -0.5128974047848522 -0.4533909083269911 0.04481348141364483 -0.5356849842231535 nan   
14 280 0.5587587644165447 10.049956869890332 -0.577891176066119 -5.7789117606611895e-01 -0.5281907421742134 -0.4439745132690469 0.03941800507446602 -0.5439214589629003 nan   
15 300 0.6806461647697247 10.095864981407166 -0.5900249790489182 -5.9002497904891815e-01 -0.5367131812378259 -0.43318300438221735 0.057374274385369906 -0.5612232092968473 nan   
16 320 0.7676728152413993 9.5414846877186 -0.6069526726371326 -6.0695267263713260e-01 -0.5469750997132423 -0.45327097447156794 0.07579392734488255 -0.5779567522507085 nan   
17 340 0.7183803504713967 10.581757309566354 -0.6069526726371326 -5.9202229113135796e-01 -0.5186472470295033 -0.38084380190598843 0.05138776407174411 -0.5319256533050224 nan   
18 360 0.6299564182531505 11.712686562378227 -0.6121952558136143 -6.1219525581361434e-01 -0.5334163076658798 -0.4181870043363509 0.0709692992221359 -0.5681633985129185 nan   
19 380 0.5418517600790191 12.653844725984598 -0.6121952558136143 -6.0989946782005378e-01 -0.5614108606983397 -0.4746480606300904 0.04897348112755928 -0.5838825177645588 nan   
20 400 0.5226224063543005 11.812991614126528 -0.6148389986044074 -6.1483899860440738e-01 -0.5747994243831814 -0.5323909499648656 0.039612193112288474 -0.604665957834086 nan   
21 420 0.5416582978675204 11.497588704924663 -0.6340432526453159 -6.3404325264531591e-01 -0.5907666896328605 -0.5074464511101263 0.04116132683008866 -0.6093446318577466 nan   
22 440 0.5237009310074652 12.314204363996236 -0.634500223769887 -6.3450022376988702e-01 -0.586845812715896 -0.4895349634437743 0.05092620928168401 -0.6141675618252921 nan   
23 460 0.5003591263111004 13.354270774668734 -0.6439250361427824 -6.4392503614278240e-01 -0.6103984918863972 -0.5159288973567252 0.03327943848227344 -0.6275472787293386 nan   
24 480 0.4806979194205504 13.794994420777297 -0.6494587602820383 -6.4945876028203831e-01 -0.6139601455524688 -0.5350339773834343 0.04567222744370658 -0.6369693185700397 nan   
25 500 0.5311620125306542 14.680446448146974 -0.6563611183176492 -6.5636111831764921e-01 -0.626885038655574 -0.5725908116030063 0.025489467630904872 -0.6400007828316343 nan   
26 520 0.5727614334319472 14.354350899180032 -0.6563611183176492 -6.5138972221609803e-01 -0.6366263915712145 -0.5731009806534924 0.02187224652717057 -0.6429977470061763 nan   
27 540 0.597314583489068 18.173945806042763 -0.6563611183176492 -6.4811791327515578e-01 -0.6307310180844001 -0.5902258349998655 0.014179144007765099 -0.6360225655086456 nan   
28 560 0.5143604416680572 18.654210119037685 -0.6563611183176492 -6.4780681028657727e-01 -0.6125411401053882 -0.5714409133733529 0.03230201139664357 -0.633009978013571 nan   
29 580 0.4519125839360084 19.57540529867151 -0.6563611183176492 -6.5631770949444412e-01 -0.6313760217189344 -0.5315506214234491 0.03081417440700618 -0.6524554529872596 nan   
30 600 0.40818054472427334 19.51079397104727 -0.6599224844905445 -6.5992248449054447e-01 -0.641006133412811 -0.5964035699589314 0.030059989423826816 -0.6552957989346578 nan   
31 620 0.4128917954168527 19.118291635670566 -0.6613006569441162 -6.6130065694411622e-01 -0.6492016526910246 -0.621631468528647 0.013670741491689564 -0.6551414362878681 nan   
32 640 0.3910391970583815 18.5009060660566 -0.6613006569441162 -6.6024027340602132e-01 -0.647915233655046 -0.6257810721982358 0.009475077291837386 -0.6522156665530631 nan   
33 660 0.3695635473341029 18.782703548719518 -0.6628100856528951 -6.6281008565289512e-01 -0.6521412624226437 -0.6389728979906981 0.0077145517309096245 -0.6550779410539633 nan   
34 680 0.3819545416407783 18.648502337353154 -0.6643209589364325 -6.6432095893643250e-01 -0.6566579391264671 -0.6360703495680605 0.007938115912093258 -0.6587090807525394 nan   
35 700 0.3297025761230097 19.536765343687513 -0.6643209589364325 -6.6390512942479252e-01 -0.6592520590944587 -0.6482127106231262 0.004407729282128958 -0.6608292119614099 nan   
36 720 0.3562256068088146 20.9457705939958 -0.6643248782609966 -6.6432487826099662e-01 -0.660400429845845 -0.6490063955165707 0.005132447246780636 -0.662420409707855 nan   
37 740 0.2978201771336707 21.322519970037128 -0.6646048776360517 -6.6460487763605169e-01 -0.6588987761964867 -0.6365795809232762 0.00501462435128508 -0.6617247741084578 nan   
38 760 0.2585038198976728 22.37581488174908 -0.6646617712030829 -6.6466177120308290e-01 -0.6623857292665899 -0.6575500305407644 0.0031135463646001504 -0.6638122542880677 nan   
39 780 0.23496327218558816 24.156316619926066 -0.6653373582011748 -6.6533735820117479e-01 -0.6627545661092641 -0.6606811877484681 0.001290214166070669 -0.6636069662688223 nan   
40 800 0.22518858101414505 24.999098585101034 -0.6653373582011748 -6.6512886130714532e-01 -0.6630944349747026 -0.6578061067235859 0.0014363012393521224 -0.6643885929816614 nan   
41 820 0.16803949062585813 24.20791817735957 -0.6654058383649748 -6.6540583836497480e-01 -0.6639002135707355 -0.6622223994812915 0.0008955878964865827 -0.6643876610515794 nan   
42 840 0.18861770556679192 24.190696649161058 -0.6665255049963283 -6.6652550499632834e-01 -0.6648016420148635 -0.6634700448369616 0.0014724695178024438 -0.6655950547848482 nan   
43 860 0.1564801587650097 26.955051507259455 -0.6665255049963283 -6.6565030566338312e-01 -0.6647768463983391 -0.6621571926410408 0.0011763597024124772 -0.6653271215861288 nan   
44 880 0.14918861927568153 25.962523304871816 -0.6665255049963283 -6.6626102282265443e-01 -0.6655583108577448 -0.6643051098234525 0.0009139775433951725 -0.6660182862679582 nan   
45 900 0.12483510140994683 27.047984095573142 -0.6665255049963283 -6.6622387834941388e-01 -0.665534100795526 -0.6645909740935958 0.0006655405920832358 -0.6659367862428607 nan   
46 920 0.10865838804355359 26.655876637891534 -0.6665255049963283 -6.6629419403333334e-01 -0.6657166907431484 -0.6649281433504566 0.0006247036920645765 -0.6660513975842322 nan   
47 940 0.09277984839186022 25.715470823594487 -0.6665255049963283 -6.6640167025045993e-01 -0.6658507031618125 -0.6650930230453223 0.0003984503443653642 -0.6660687175424365 nan   
48 960 0.08425665178914958 26.351383330296184 -0.6665565050714704 -6.6655650507147035e-01 -0.6661272537336917 -0.6653526201473146 0.00035422513262295396 -0.6662784551411978 nan   
49 980 0.07552768999296167 27.867776185045543 -0.6665565050714704 -6.6651433329836163e-01 -0.6661668786493964 -0.665703371944403 0.0003574265835005752 -0.6663411474899928 nan   
50 1000 0.06453266190854534 33.148574620963714 -0.6665565050714704 -6.6647039322020563e-01 -0.6662633711230993 -0.6660226039650506 0.00020800591078851127 -0.6663987919927792 nan   
51 1020 0.059268951276157444 33.68495238666786 -0.6665565050714704 -6.6641742842128204e-01 -0.6662763655518325 -0.6660934437910795 0.00016912614316078045 -0.6663761446887043 nan   
52 1040 0.06732635877377903 37.14851534827304 -0.6665565050714704 -6.6645793800275233e-01 -0.666320758396316 -0.6659885479230943 0.00014980058914626504 -0.6663861562274982 nan   
53 1060 0.06373886029402974 37.06922356816712 -0.6665565050714704 -6.6650648994457595e-01 -0.6663331075639656 -0.6659319112152271 0.00012097706699776278 -0.6663589621043562 nan   
54 1080 0.07023972565040086 35.446136000035025 -0.6665565050714704 -6.6652417089132565e-01 -0.6662641198712294 -0.6660238346639831 0.00032305361562912083 -0.6664213772146697 nan   
55 1100 0.06114756056460178 34.49054958713299 -0.6665565050714704 -6.6647830219944093e-01 -0.6662454324392679 -0.6660945149169706 0.00013067733368166135 -0.6663392049590513 nan   
56 1120 0.05676589760983351 33.62212096116977 -0.6665565050714704 -6.6646946591524769e-01 -0.666341688579764 -0.6661595149434076 0.00013981188194711613 -0.6664407515466868 nan   
57 1140 0.05177757525930094 32.2429317061499 -0.6665565050714704 -6.6651421440778424e-01 -0.6663522155567476 -0.6660603398976956 0.00014570833251281723 -0.666397012786451 nan   
58 1160 0.0504992227004485 28.030970568973494 -0.6665565050714704 -6.6655574890748737e-01 -0.6663963646578456 -0.6661552292511226 0.0001342362770780925 -0.6664572973786667 nan   
59 1180 0.0528221512436352 27.164735354426412 -0.6665573588727012 -6.6655735887270118e-01 -0.6664036131513449 -0.6661748434029684 9.246983194111102e-05 -0.6664401445782095 nan   
60 1200 0.055101852884763956 28.375823287501543 -0.6665573588727012 -6.6649460215401723e-01 -0.6663606066367613 -0.6660624668541955 0.00010006865919176544 -0.6664162046114784 nan   
