% # columns="iter, evals, sigma, 0, fitness, xbest" seed=3, Sat Feb 14 15:23:34 2026, <python>{}</python>
1 20 0.8483712786120808 0 -0.5037887389006344 0.5071507413265555 -0.1712562543214617 -0.09372468790308996 -11.837495231561679 -68.82594830430635 19.47271479731293
2 40 0.7829773182036077 0 -0.49409010237001594 0.47833718199744313 -0.13081937263987667 -0.03643539142169185 -6.181774828483908 -88.04637034181003 15.236960664114946
3 60 0.8608334847199193 0 -0.5363245206652794 0.39934405435591347 -0.11055049331717892 -0.0001684437952548662 -6.788045811566325 -97.535612685765 2.22930923607011
4 80 0.6946002272997435 0 -0.528821117746109 0.4838368209310837 -0.13829273291274924 -0.037358779275671716 -5.8179227139756255 -88.58317045654832 17.966778998413737
5 100 0.6933580341390685 0 -0.5004782932525366 0.44634532189865644 -0.06357404232999442 -0.0608755894909773 -2.057724021024816 -96.168534038486 14.987370852910969
6 120 0.5781195718386772 0 -0.501696620202916 0.46866328282359293 -0.09216669562684186 -0.03627722072366685 -4.8766240988389296 -91.84452434517465 21.46048816148063
7 140 0.500644158743995 0 -0.5169640069380916 0.4468387003489275 -0.054232983016782255 -0.03357546805209222 -5.714720288154666 -88.26606361808203 9.66350271460802
8 160 0.47726677274185936 0 -0.5177642671947049 0.4566944019975472 -0.09617385493739604 -0.06857075761535823 -11.022041202757725 -84.71433298516257 21.578847968205803
9 180 0.4998599347262702 0 -0.5218165487314742 0.38849400088362757 -0.06249024268444896 -0.06221674597016758 -17.462869143009982 -90.6870180571385 15.430173296542668
10 200 0.4964848227632167 0 -0.5390839643016596 0.39927777861691005 -0.054513660604944586 -0.036892300027094566 -14.029115304899353 -92.24405608773044 9.74465618037156
11 220 0.45556138299276405 0 -0.5380632042400805 0.40372767630569356 -0.06974764835260495 -0.056667064343349685 -10.609126359739669 -94.19413926223899 12.209273520734516
12 240 0.45810411418367614 0 -0.550635428934066 0.3998970505379585 -0.0796205101431859 -0.023089400765189224 -11.360891546471771 -96.6831648183229 10.13379462107766
13 260 0.5018220178195592 0 -0.5645169663934542 0.3626033910978032 -0.0560389418025348 -0.012145417823392377 -13.148353192128337 -103.99282180653685 7.827429903000623
14 280 0.5587587644165447 0 -0.577891176066119 0.3607416052722886 -0.06990807104661792 -0.010754480376001482 -15.137550124992647 -101.34891261860514 5.978681898016015
15 300 0.6806461647697247 0 -0.5900249790489182 0.37550816085249084 -0.07194278998093961 0.03716273443110925 -12.513667990539217 -101.64343011730017 -0.2594799536716863
16 320 0.7676728152413993 0 -0.6069526726371326 0.4278359458345204 -0.10336448542758858 0.05763390228901734 -10.410152587310249 -90.74968228832303 -4.953072146970241
17 340 0.7183803504713967 0 -0.592022291131358 0.3928917772616427 -0.12367155311677563 0.05177853240025304 -14.59404409778779 -93.18320576839794 -6.281859042446815
18 360 0.6299564182531505 0 -0.6121952558136143 0.4445337442221045 -0.11347521502197094 0.07862385492241733 -9.353227070477516 -88.94912152060373 -7.072514808814519
19 380 0.5418517600790191 0 -0.6098994678200538 0.39678648238457637 -0.110296631084244 0.04215754883729784 -12.527469884779235 -97.30218663312436 -2.754909167250121
20 400 0.5226224063543005 0 -0.6148389986044074 0.34710601002459995 -0.08577284234034944 0.04110155466600558 -17.766316036741387 -99.4009308649121 -1.9804611523595819
21 420 0.5416582978675204 0 -0.6340432526453159 0.39637961954254014 -0.11340740703070074 0.05793103654075466 -11.086890638637868 -95.11903170057721 -5.631849035805384
22 440 0.5237009310074652 0 -0.634500223769887 0.3812370232425921 -0.12778034076168787 0.05202851782367913 -15.250333112637378 -95.28932154411011 -4.877854771558271
23 460 0.5003591263111004 0 -0.6439250361427824 0.37703219880408473 -0.09780390127645186 0.059049014375530014 -15.674716393676814 -95.75014772151037 -4.548221055209199
24 480 0.4806979194205504 0 -0.6494587602820383 0.4070263471172543 -0.1209411370997697 0.06632744240405244 -12.73556335378154 -90.41197830613065 -6.343298592402509
25 500 0.5311620125306542 0 -0.6563611183176492 0.3765431662190155 -0.11335105446561732 0.07896284212968321 -14.962599132853663 -94.79422982551547 -7.66964380361043
26 520 0.5727614334319472 0 -0.651389722216098 0.39999799559500004 -0.13865783208171895 0.078242702170373 -14.237445159837295 -90.14821850987757 -8.672336498138058
27 540 0.597314583489068 0 -0.6481179132751558 0.3955571680206616 -0.12153391654931743 0.0740828647007231 -12.073557962167781 -94.47614856125718 -7.755135213862475
28 560 0.5143604416680572 0 -0.6478068102865773 0.39940429824811224 -0.1471474288394991 0.0675616392883039 -16.322037544610556 -81.93746055804377 -8.033085145957608
29 580 0.4519125839360084 0 -0.6563177094944441 0.38227210617707363 -0.12504210335397464 0.058194248931990225 -15.699371041236708 -90.8073606755219 -6.238278414836545
30 600 0.40818054472427334 0 -0.6599224844905445 0.3924341631176476 -0.11854852305970068 0.07928809677867103 -14.611573576997776 -89.75153782392694 -7.69936657620894
31 620 0.4128917954168527 0 -0.6613006569441162 0.3840413350408504 -0.11180399574725033 0.07522832073565835 -15.98371267639609 -90.07956877653997 -6.816710117236526
32 640 0.3910391970583815 0 -0.6602402734060213 0.3909123895859207 -0.11023637326113853 0.05873263759740335 -16.6147078247663 -86.27542015394411 -4.838737740743557
33 660 0.3695635473341029 0 -0.6628100856528951 0.376289220694229 -0.13142896375963767 0.06859708793261392 -17.002932259329622 -88.95438553033021 -7.406653410470512
34 680 0.3819545416407783 0 -0.6643209589364325 0.38097963473275126 -0.1305578734652225 0.06215124262459085 -17.631773935780856 -86.44739733657532 -6.239143492111988
35 700 0.3297025761230097 0 -0.6639051294247925 0.3871839024785261 -0.12606526976525007 0.07089869857557927 -17.04053985449649 -85.85193909311279 -6.758157081819319
36 720 0.3562256068088146 0 -0.6643248782609966 0.37315855962484135 -0.11745805451970451 0.06516530106911561 -18.541126550789286 -87.19598455628038 -5.982656680014606
37 740 0.2978201771336707 0 -0.6646048776360517 0.37077107250509006 -0.11986742398567118 0.0555342977510559 -18.66299308705371 -87.38265181246389 -5.24667475931751
38 760 0.2585038198976728 0 -0.6646617712030829 0.37925829633168184 -0.12641519013948385 0.0633260402480685 -17.329298791605737 -88.41728631506082 -6.271130143973369
39 780 0.23496327218558816 0 -0.6653373582011748 0.3770417290075437 -0.12681105706110135 0.06898503842415113 -17.761732422362527 -88.13187800043943 -6.830370587163069
40 800 0.22518858101414505 0 -0.6651288613071453 0.37330450119524805 -0.12214242512272674 0.07034944984747517 -18.32394425535052 -87.92159155067459 -6.804909197529407
41 820 0.16803949062585813 0 -0.6654058383649748 0.37822083051680944 -0.12317876211811983 0.06480271377697025 -17.693706911588396 -87.81365153628988 -6.305060732158808
42 840 0.18861770556679192 0 -0.6665255049963283 0.3783675330771883 -0.12385020809454905 0.06210906770167279 -18.073449189820153 -86.26022353928059 -5.974790797420868
43 860 0.1564801587650097 0 -0.6656503056633831 0.3763005180428115 -0.1250935234165574 0.05981339831201333 -18.050555054370438 -87.19580660038878 -5.817045738947261
44 880 0.14918861927568153 0 -0.6662610228226544 0.3785060963745422 -0.1245461088553408 0.06568546812412092 -18.00061343920635 -86.4252445856869 -6.409482894383249
45 900 0.12483510140994683 0 -0.6662238783494139 0.3783260092758776 -0.12489121775206725 0.06716155164210721 -17.74455764608863 -87.40588905538307 -6.497871041466874
46 920 0.10865838804355359 0 -0.6662941940333333 0.3759061634085854 -0.12411245964747888 0.06524372659068761 -18.107014426423447 -87.13768700976709 -6.318289100906195
47 940 0.09277984839186022 0 -0.6664016702504599 0.37612110071231386 -0.12390447344359395 0.061832679241632195 -18.345245806070714 -86.30528518058232 -6.026344475892147
48 960 0.08425665178914958 0 -0.6665565050714704 0.37722983253702447 -0.1250301222665745 0.0632563579080584 -18.013322655367535 -86.85528284154398 -6.18566788449035
49 980 0.07552768999296167 0 -0.6665143332983616 0.3790135187528203 -0.12483609853703666 0.06821191796826645 -17.566140060526102 -87.45336396094321 -6.680783460574575
50 1000 0.06453266190854534 0 -0.6664703932202056 0.3788271254291764 -0.12433376557574334 0.06701391317232797 -17.665202408143244 -87.23514924167075 -6.532560585280212
51 1020 0.059268951276157444 0 -0.666417428421282 0.37949338290746837 -0.12557956370431378 0.06526846220005175 -17.854828933413913 -86.31554047917857 -6.367947019375556
52 1040 0.06732635877377903 0 -0.6664579380027523 0.3783930430399509 -0.1255558212028846 0.0632419638460402 -17.987981248675275 -86.31728612636351 -6.179699128607783
53 1060 0.06373886029402974 0 -0.666506489944576 0.3792433990568251 -0.12516830362973383 0.0642415531661808 -17.91318887109294 -86.32479579861464 -6.217570787181221
54 1080 0.07023972565040086 0 -0.6665241708913257 0.37791485017707716 -0.1251583492430609 0.06418953383879909 -18.229196221517295 -85.98889497442214 -6.2113362476625085
55 1100 0.06114756056460178 0 -0.6664783021994409 0.37662873330979113 -0.12435995793380789 0.06254034266803332 -18.15048271393465 -86.64033884297201 -6.058415890809567
56 1120 0.05676589760983351 0 -0.6664694659152477 0.37917697293866226 -0.12486082801702034 0.06416908722801873 -17.940829395563007 -86.13484462050526 -6.226104806127529
57 1140 0.05177757525930094 0 -0.6665142144077842 0.3780388844657357 -0.12511196403461125 0.06306535390141538 -18.01692229425919 -86.43992041792023 -6.150024940438499
58 1160 0.0504992227004485 0 -0.6665557489074874 0.37803903604523403 -0.12458058437242372 0.06299031102979906 -17.972106360082833 -86.56164824866299 -6.136159323552607
59 1180 0.0528221512436352 0 -0.6665573588727012 0.37854637789094986 -0.12486382259692828 0.06274768322769743 -18.01032664782471 -86.20022785514166 -6.103527423514975
60 1200 0.055101852884763956 0 -0.6664946021540172 0.3791188994681195 -0.12485563747450283 0.06328605650324476 -17.86402011942402 -86.4838325298327 -6.199534179983131
60 1200 0.055101852884763956 0 -0.6664946021540172 0.3791188994681195 -0.12485563747450283 0.06328605650324476 -17.86402011942402 -86.4838325298327 -6.199534179983131
