% # columns="iteration, evaluation, sigma, axis ratio, bestever, best, median, worst objective function value, interquartile range, 25%tile, current best feasible f-value, further/more values", seed=3, Mon Feb 16 14:25:51 2026, <python>{}</python>
1 20 0.8993331221332728 1.0000416675347343 -0.9965583111600059 -9.9655831116000593e-01 -0.6503164599661776 -0.26647503838542425 0.1770823603472821 -0.7631076362572459 nan   
2 40 0.9773853333792105 1.3300273475361124 -1.0041921123896436 -1.0041921123896436e+00 -0.761263339163804 -0.454909698798299 0.2461951885378164 -0.9007837301673232 nan   
3 60 1.030017978009622 1.8398647067503175 -1.0041921123896436 -9.7721390548500808e-01 -0.6766018469254931 -0.5149775788769373 0.1842514080505837 -0.8020276537349775 nan   
4 80 0.8494639042588257 2.2301601104362647 -1.0041921123896436 -9.6110319019495094e-01 -0.750805514967386 -0.5378045535025909 0.15624038039812183 -0.8729038677626515 nan   
5 100 0.7470222268011854 2.6663370292487887 -1.0669124656786344 -1.0669124656786344e+00 -0.7835320430359209 -0.5427702613819511 0.11244401439341845 -0.8725572410506683 nan   
6 120 0.6634288922902426 2.8710671392056084 -1.0669124656786344 -1.0486435771787379e+00 -0.8907331771084179 -0.6176062064530449 0.217363809121756 -0.9593891560827676 nan   
7 140 0.6089570643436665 3.548266607629134 -1.1461698231694237 -1.1461698231694237e+00 -0.8999939658590785 -0.7174491176152293 0.1341838107549883 -0.948333103052968 nan   
8 160 0.680554813302357 4.124360649680352 -1.1584474842148638 -1.1584474842148638e+00 -0.9603740836587714 -0.7381437951029581 0.15884974120156947 -1.062092921556232 nan   
9 180 0.7531435337986999 4.319179681192001 -1.1584474842148638 -1.1498213121438856e+00 -0.9316829642045266 -0.7402538109368346 0.2058995372322704 -1.0593231454448948 nan   
10 200 0.7734691992132466 6.185932589145691 -1.1749859156624693 -1.1749859156624693e+00 -0.9940370925342634 -0.887349725973833 0.07033836177755781 -1.0351052372306824 nan   
11 220 0.7999336585192018 6.7768341716352 -1.1749859156624693 -1.1477447442074729e+00 -0.9400339321120386 -0.723714490872375 0.22993905284965988 -1.0694318436960342 nan   
12 240 0.8292202562545172 8.932507623604083 -1.1749859156624693 -1.1558833736312744e+00 -1.0422814198544974 -0.9447618618883548 0.09432743539058874 -1.0954328196490102 nan   
13 260 0.8220800107451312 9.692907818031314 -1.1749859156624693 -1.1687358868952011e+00 -1.0199608249532308 -0.7574365503641682 0.1017909734241289 -1.0657871416889066 nan   
14 280 0.9288363017042764 10.910222840624115 -1.2401949329410826 -1.2401949329410826e+00 -1.0660356069553263 -0.9130462603425625 0.0918646294370058 -1.1082070603147054 nan   
15 300 0.857843278411592 11.233717908329215 -1.2401949329410826 -1.1929036730322400e+00 -1.087213525312389 -0.8718087126894328 0.10403120674813637 -1.1447109259190986 nan   
16 320 0.8298328609635155 11.22934805275275 -1.2643730409499419 -1.2643730409499419e+00 -1.103683859225359 -0.9708212699907839 0.09310772948860913 -1.1512680411354965 nan   
17 340 0.7869747804610066 12.60573028034233 -1.2643730409499419 -1.2555491847763418e+00 -1.0660965926960548 -0.9516074612969466 0.14729056729905832 -1.164087563789913 nan   
18 360 0.756931775060669 14.39611135734999 -1.2643730409499419 -1.2633636358191214e+00 -1.138183627546414 -1.0672201682063958 0.06982432627756197 -1.1835950222229668 nan   
19 380 0.7063507568656758 16.53694838726557 -1.2643730409499419 -1.2627361844728777e+00 -1.1784804532748487 -1.043305385354329 0.10370898914735349 -1.2352562924548183 nan   
20 400 0.7009720579996249 17.668966256337168 -1.2779762354725772 -1.2779762354725772e+00 -1.2063030886138753 -1.0991139053808197 0.08792546780937327 -1.2523507716613342 nan   
21 420 0.7051628596783738 20.145010968563216 -1.280748483448264 -1.2807484834482641e+00 -1.2180792765064914 -1.1697442872685264 0.04124980368992892 -1.2336391319951996 nan   
22 440 0.7066285538336888 24.983372149889018 -1.280748483448264 -1.2685532305593994e+00 -1.2057621645116283 -1.1189310957103418 0.05881901149311508 -1.2488996770605407 nan   
23 460 0.6483467036745669 25.92737925571777 -1.280748483448264 -1.2754601107856494e+00 -1.2222737920755002 -1.1543238269128375 0.03846354247753192 -1.2514396465436448 nan   
24 480 0.5686778272230371 27.22878435222998 -1.280748483448264 -1.2792221395651560e+00 -1.2525379080855807 -1.200466059680707 0.03757792029942686 -1.268279310904646 nan   
25 500 0.5509408790445922 29.497056234246095 -1.2954130036253497 -1.2954130036253497e+00 -1.2664405796301952 -1.2171343372080394 0.021340924570574238 -1.2738913844877673 nan   
26 520 0.5288032667146565 31.91853984576117 -1.2991536649585076 -1.2991536649585076e+00 -1.2738678277938 -1.241924598584156 0.026897753828810878 -1.2810231398374552 nan   
27 540 0.5185411245935315 38.90905373309257 -1.2991536649585076 -1.2985819958986180e+00 -1.2723551723368538 -1.1457272547643855 0.01637102924519085 -1.2802125989225102 nan   
28 560 0.47606115384132097 37.50163250258306 -1.3001243866072705 -1.3001243866072705e+00 -1.2761745972052887 -1.2020869161843302 0.020483242227414378 -1.289102113729054 nan   
29 580 0.4114244587427547 37.33294722519506 -1.3016367401127984 -1.3016367401127984e+00 -1.2798857097659917 -1.2333152198890531 0.01622274892338771 -1.291269090731555 nan   
30 600 0.34257976596651557 38.83659872387511 -1.302898116893251 -1.3028981168932510e+00 -1.2913781716787107 -1.2379169738801479 0.015669605243433304 -1.2972595083996366 nan   
31 620 0.35948613131779117 38.505499291498296 -1.3044651321401624 -1.3044651321401624e+00 -1.2986477902751923 -1.2856874453319507 0.006350748853628296 -1.301781281769999 nan   
32 640 0.3979333493198063 33.862283216283814 -1.3044651321401624 -1.3027600552484833e+00 -1.2929921118059244 -1.28078013918677 0.007633249340718518 -1.2961264221426654 nan   
33 660 0.38759499623833094 30.265454195175263 -1.3044651321401624 -1.3020281937664264e+00 -1.295068126237402 -1.2778174260490331 0.006071014926675833 -1.2999410438808723 nan   
34 680 0.37202789221686333 32.388103418977906 -1.3044651321401624 -1.3042510108827119e+00 -1.2963216209837438 -1.2812063190321 0.007550058805203763 -1.2991056002435024 nan   
35 700 0.3293829581797662 34.6002004826592 -1.3052336470046055 -1.3052336470046055e+00 -1.2991729579753208 -1.2887559228792735 0.005326861216042422 -1.3021891676596387 nan   
36 720 0.34289603621153897 35.73461117952156 -1.3052336470046055 -1.3036812124455854e+00 -1.3001190593117256 -1.2911743100674096 0.005742398534904769 -1.302617371227678 nan   
37 740 0.28190065253606045 35.35517604654216 -1.3052336470046055 -1.3049448244457009e+00 -1.300486511460643 -1.2941198892501453 0.006302471406023358 -1.3032687337372133 nan   
38 760 0.26402957093170826 35.542322302024864 -1.3066146037385047 -1.3066146037385047e+00 -1.3028600436430071 -1.2972053823900662 0.0033341603084473537 -1.304778143928766 nan   
39 780 0.261415801891483 39.16966009172343 -1.3066146037385047 -1.3063921084635219e+00 -1.3038716772643038 -1.301552342542426 0.0018981811876330745 -1.305305047528976 nan   
40 800 0.23396899393174744 41.585172621459705 -1.3066146037385047 -1.3061959209779626e+00 -1.304315996025196 -1.2987088336726997 0.001434500917673498 -1.3050179325760276 nan   
41 820 0.23560572193290097 41.14765484243745 -1.3068867132868731 -1.3068867132868731e+00 -1.3044030755963367 -1.3023011712589114 0.0017241325214254477 -1.3057079170666366 nan   
42 840 0.19210568503101141 42.901557526573576 -1.3068867132868731 -1.3067040991703411e+00 -1.3050144961537193 -1.3022506683665118 0.0011455413506189505 -1.3055350478789765 nan   
43 860 0.16272872164297186 41.53673412598199 -1.3068867132868731 -1.3064165906192808e+00 -1.3054960640889783 -1.3030999899765452 0.0013510626062660513 -1.305823619409065 nan   
44 880 0.15439805863034745 40.53626563134896 -1.30697259636168 -1.3069725963616801e+00 -1.3058811721025112 -1.3039983439993101 0.000970459544229918 -1.3063787874075883 nan   
45 900 0.13450177470145047 37.17101235959514 -1.3071634023238303 -1.3071634023238303e+00 -1.3063087704763543 -1.3050185869466333 0.0006283753856395347 -1.3067076362634036 nan   
