% # columns="iter, evals, sigma, 0, fitness, xbest" seed=3, Mon Feb 16 14:25:51 2026, <python>{}</python>
1 20 0.8993331221332728 0 -0.9965583111600059 -0.02955393692429377 -0.02582108356422351 -0.04800060901484437 1.886523333059795 -2.8736378887967047 -0.5472944728643357
2 40 0.9773853333792105 0 -1.0041921123896436 0.002501825667537238 -0.02361300857433245 -0.0005903977023675212 9.172494102161721 -1.8439694213829498 -9.252187250022741
3 60 1.030017978009622 0 -0.9772139054850081 -0.02193121901903187 -0.016015177552743176 -0.02708855178798625 2.568530856452221 2.6549831744672527 -0.21350723882107925
4 80 0.8494639042588257 0 -0.9611031901949509 0.012302882111004904 0.029409820114545748 0.011942459238170652 2.774891846649167 -1.1300731579307743 1.017163893592254
5 100 0.7470222268011854 0 -1.0669124656786344 -0.013878721945005149 -0.020660155844090974 -0.05386464335667161 4.406895788010163 -2.5244200511512913 -0.10942795839326114
6 120 0.6634288922902426 0 -1.048643577178738 -0.011916284948123202 0.012552328697801981 -0.003923204165120195 1.0578355201008875 -0.7330455953851074 -0.39007534696794655
7 140 0.6089570643436665 0 -1.1461698231694237 0.00940904571059004 0.02861588777340724 -0.015390160380871806 2.109319788502138 -3.5571521268954394 1.2271500390602708
8 160 0.680554813302357 0 -1.1584474842148638 0.02247822618271231 0.01910376365412552 -0.02786415406709028 0.9055356735377389 2.2044538982775403 2.4138068077700736
9 180 0.7531435337986999 0 -1.1498213121438856 0.0435726185146342 0.05703995135964405 -0.020214626412612954 0.7491726777304546 -3.326241018685133 8.877420001443664
10 200 0.7734691992132466 0 -1.1749859156624693 0.04342709464170545 0.026549012578996056 -0.030733599558458558 3.2955761816479368 -0.6867179814362498 3.473916762697485
11 220 0.7999336585192018 0 -1.1477447442074729 0.05480206418966378 0.017777195603505165 -0.04174033699735216 5.984751073471488 -0.09734368924632553 3.836949106209145
12 240 0.8292202562545172 0 -1.1558833736312744 0.031373711278464 0.056440417916705475 0.007643649834465069 -1.4135083700877376 4.123955838817055 2.311008097877993
13 260 0.8220800107451312 0 -1.1687358868952011 0.016329659392120013 0.025367817581409633 -0.03524236910117168 -0.9442985406407134 2.480893287762501 2.9055474388433735
14 280 0.9288363017042764 0 -1.2401949329410826 -0.0014963239220268376 0.059779466581854235 -0.011493037814049482 -6.997355178773398 -4.373209185660425 7.401762878951803
15 300 0.857843278411592 0 -1.19290367303224 0.025899390002740823 0.052973265255624284 -0.02710169204545712 -6.638762943068235 7.890015557414287 7.632310050089467
16 320 0.8298328609635155 0 -1.2643730409499419 -0.013750937298220661 0.057414068960471173 0.009407154370945275 -8.575544004161404 -1.668574813168152 3.539677574528705
17 340 0.7869747804610066 0 -1.2555491847763418 0.049573105727631475 0.04960125275691008 0.021304204647014043 0.9656625394188065 3.8541835329373035 -0.842352566179736
18 360 0.756931775060669 0 -1.2633636358191214 -0.035570849374760016 0.046229141067625656 0.012810098131763765 -10.607927731411403 2.870701308830336 -0.83714364016542
19 380 0.7063507568656758 0 -1.2627361844728777 -0.00580422620213032 0.06505194298509566 0.01422630161481218 -9.269606212185296 -0.8111118314078154 2.8379474552687034
20 400 0.7009720579996249 0 -1.2779762354725772 -0.027829285262196118 0.0610950330989669 0.01691570066207233 -11.593552628437317 1.9830059253342105 2.355744131905885
21 420 0.7051628596783738 0 -1.280748483448264 0.01456075542519466 0.05669774286909619 0.03669482084947605 -4.393836635395456 2.9340571488567946 -2.2519751020883643
22 440 0.7066285538336888 0 -1.2685532305593994 0.00871771004941718 0.056984037761903555 0.045548172103290596 -4.364378860068646 2.9940681236919677 -3.8384627953507553
23 460 0.6483467036745669 0 -1.2754601107856494 0.0010552261100446065 0.06074429818759303 0.04888013460609901 -6.223838324788477 2.7508379192436365 -3.556888308293868
24 480 0.5686778272230371 0 -1.279222139565156 -0.030345751163183853 0.06179744915212441 0.05031780003415364 -10.200458127971146 1.8401655342345673 -4.150782134314493
25 500 0.5509408790445922 0 -1.2954130036253497 -0.02047437121944304 0.06480360649012831 0.06371681963011155 -10.64226895390991 5.294970409172846 -5.688612980664431
26 520 0.5288032667146565 0 -1.2991536649585076 -0.03086286089992503 0.06749678239009822 0.05496702535023337 -11.978220816599826 1.3245823148752658 -3.5439033482874955
27 540 0.5185411245935315 0 -1.298581995898618 -0.019975919650009184 0.0655765526597205 0.06364499992816405 -10.97968256274947 6.12808014117706 -5.935234852064263
28 560 0.47606115384132097 0 -1.3001243866072705 -0.024543075651683965 0.06430145454867758 0.061565944789938404 -11.039060283975703 3.5629031009681467 -5.56899383397994
29 580 0.4114244587427547 0 -1.3016367401127984 -0.02464910474700223 0.06979547230546207 0.057489469235578 -11.740421979382862 3.0405808679682096 -3.7478866801148074
30 600 0.34257976596651557 0 -1.302898116893251 -0.03408589358456813 0.06478358128678151 0.0537855727347084 -12.18007500689835 3.338749650233951 -4.324739618213482
31 620 0.35948613131779117 0 -1.3044651321401624 -0.03597964067202894 0.06606362922195064 0.05258023197582235 -13.054761700786635 3.963415138002315 -3.879909173714855
32 640 0.3979333493198063 0 -1.3027600552484833 -0.027376618305172105 0.06208911041940444 0.05124183192635305 -10.399932723970869 0.8936032043118924 -4.414332596242933
33 660 0.38759499623833094 0 -1.3020281937664264 -0.03564226033349479 0.06620283835733799 0.05657116814465645 -12.219168065684103 -0.16883093920458214 -4.743616893768383
34 680 0.37202789221686333 0 -1.304251010882712 -0.02104731287034266 0.07221979637032905 0.06478025555584882 -11.186931641234704 0.5221458324246697 -4.945079649821148
35 700 0.3293829581797662 0 -1.3052336470046055 -0.025820505215272665 0.07014468992922833 0.060139376362971134 -11.916470666787488 1.579075699260487 -4.495672085379488
36 720 0.34289603621153897 0 -1.3036812124455854 -0.023965129835500882 0.07160017519822476 0.06780507611768648 -11.598152718903789 2.1965578328860937 -5.748462048024672
37 740 0.28190065253606045 0 -1.304944824445701 -0.034749260692403666 0.06362930687254456 0.05823648539870337 -11.890324207423655 2.310098098752015 -5.419377349336976
38 760 0.26402957093170826 0 -1.3066146037385047 -0.02621528792395553 0.06897364420745188 0.06226452422617859 -11.27234283693551 1.1399130905329349 -5.059859917215256
39 780 0.261415801891483 0 -1.306392108463522 -0.02878812939239144 0.07048143503882486 0.058388938874856 -12.12041549912303 0.5718186755836318 -4.123708969973036
40 800 0.23396899393174744 0 -1.3061959209779626 -0.0262809699579571 0.06926332484347018 0.06065333632635953 -11.409091467803421 0.9880192452236638 -4.572880528687335
41 820 0.23560572193290097 0 -1.3068867132868731 -0.028391939147134074 0.07040689191839666 0.06115205560072317 -11.843159038283954 0.6500127836981048 -4.543157180402037
42 840 0.19210568503101141 0 -1.3067040991703411 -0.029581813942206707 0.07141455213870904 0.06076082622332251 -12.286203414085497 0.8926149949991887 -4.377145551745952
43 860 0.16272872164297186 0 -1.3064165906192808 -0.029352586415215272 0.0719159670735828 0.06101128332255377 -12.309675874356111 0.3447679411602256 -4.3207322535175905
44 880 0.15439805863034745 0 -1.30697259636168 -0.030855161302921784 0.07039784524812215 0.05973714257711674 -12.346504402293057 1.001299225219352 -4.3290462980919795
45 900 0.13450177470145047 0 -1.3071634023238303 -0.029457665465992284 0.07026289065309936 0.061591078856983054 -12.073953075434368 1.0667533414616202 -4.682547795384767
